20 20
63 72 44 21 55 90 40 65 49 62 10 19 5 6 28 15 81 52 69 0
65 94 89 30 71 35 39 27 35 15 38 24 11 53 31 64 20 5 94 86
11 23 39 69 30 31 53 65 7 30 68 8 7 24 43 50 49 36 23 13
25 30 59 90 29 74 41 64 88 27 65 77 77 100 59 92 79 87 39 79
5 1 81 63 15 46 5 0 29 56 54 4 66 34 94 7 94 95 63 41
65 20 36 49 7 71 72 78 35 85 49 2 38 71 37 42 23 65 12 3
68 59 93 0 2 3 57 84 0 26 63 47 39 92 18 45 70 9 23 65
47 97 45 66 45 59 37 7 80 43 26 24 38 40 60 100 15 82 20 90
73 33 29 62 56 67 74 29 31 69 71 80 3 38 100 86 16 3 2 83
11 41 80 53 43 33 24 83 30 93 69 59 56 33 14 96 88 15 97 100
48 0 99 30 72 35 92 20 61 72 18 31 50 26 59 99 24 10 8 82
90 78 91 27 61 7 23 44 44 9 26 50 78 62 46 15 20 60 54 82
11 21 60 24 91 56 17 6 37 4 32 92 34 67 67 51 80 12 50 9
62 42 48 27 15 46 96 61 14 77 63 18 23 86 88 71 38 87 72 99
84 78 21 4 19 2 39 26 57 90 48 73 4 43 53 48 99 46 68 14
84 27 99 5 10 31 75 55 20 23 57 27 31 12 0 12 99 18 85 73
41 63 5 51 1 25 10 16 60 17 29 71 42 73 32 32 45 90 15 57
78 87 66 19 80 92 57 16 19 72 13 51 78 14 48 71 53 28 77 1
93 94 55 4 71 1 28 77 98 29 5 89 66 7 15 89 45 47 57 28
87 31 88 50 20 3 87 28 18 76 67 85 64 57 36 37 24 5 72 3
