39 69
61 147 385 303 247 87 295 129 0 64 481 174 95 147 362 337 241 381 351 384 485 327 249 459 463 65 424 392 167 255 369 25 252 4 417 121 491 11 184 245 183 466 319 457 384 223 142 185 107 117 253 361 81 106 364 59 229 38 213 55 254 277 434 144 290 340 323 39 167
36 413 230 422 293 23 235 392 486 96 184 122 248 250 495 428 226 365 413 233 73 194 203 474 156 292 130 151 204 466 254 10 260 328 80 55 277 490 16 469 495 402 325 301 306 265 116 258 329 445 416 118 116 6 178 116 108 451 358 5 110 80 29 259 78 311 475 236 223
191 31 330 392 424 173 277 106 215 50 6 258 429 186 343 226 382 328 364 284 455 155 149 375 204 203 235 422 500 49 352 445 490 278 229 42 344 115 9 355 300 99 69 176 210 175 397 203 477 178 381 355 181 151 315 318 165 87 5 302 81 161 276 313 223 32 143 352 97
29 92 378 431 354 129 251 30 351 437 367 92 498 435 486 479 451 351 218 407 114 141 127 234 152 39 347 416 450 260 352 98 18 279 442 213 1 295 479 424 6 13 85 219 494 435 391 157 393 95 327 46 201 346 41 14 234 201 239 490 386 57 463 475 491 253 440 137 448
101 127 339 95 219 345 449 372 497 285 264 154 415 351 356 400 304 467 418 450 422 379 134 483 412 362 249 183 222 387 236 388 432 20 273 494 257 450 353 335 162 414 0 237 64 437 342 477 122 241 261 132 400 93 206 213 347 401 345 483 236 342 465 34 484 309 135 485 26
277 232 0 5 83 375 137 189 464 272 466 349 432 453 178 216 425 293 46 444 326 372 222 156 174 127 151 234 90 495 78 418 326 74 66 220 306 112 57 35 220 177 98 211 382 225 351 42 368 479 267 205 202 160 7 376 347 85 208 289 387 470 43 86 366 316 477 276 305
20 194 462 147 479 145 10 244 42 80 9 357 377 279 204 329 296 198 315 18 115 162 129 138 436 287 489 287 17 200 291 467 453 131 470 9 370 100 443 58 51 382 440 422 107 72 353 217 383 346 135 147 488 454 435 85 263 264 14 211 169 371 140 489 340 25 77 95 221
166 386 154 255 224 88 377 55 183 449 317 499 157 358 138 396 248 493 78 365 50 203 447 35 182 99 17 43 317 244 39 267 30 179 23 485 349 168 80 404 3 374 247 76 253 191 370 283 203 470 221 216 168 405 197 195 159 177 71 415 157 207 212 379 125 477 294 335 146
102 409 74 324 24 70 100 22 55 446 412 438 62 380 9 93 394 21 25 354 333 236 36 384 394 371 39 354 223 78 258 215 433 250 353 144 428 315 369 126 441 117 464 36 188 330 257 213 416 247 326 460 6 279 159 268 10 179 273 3 62 165 381 225 151 148 432 324 498
414 297 251 471 102 380 160 365 375 370 38 471 442 276 429 484 23 409 262 41 354 495 461 190 256 409 97 2 334 292 23 21 288 21 267 147 209 144 37 496 87 130 54 300 368 459 355 183 98 394 63 357 270 204 285 110 276 494 365 215 107 195 8 166 48 296 458 348 64
406 249 398 475 278 91 414 201 251 314 72 342 464 116 290 38 58 137 268 356 481 193 82 259 41 342 219 199 215 376 162 391 48 175 189 370 476 1 282 332 437 25 454 302 89 350 487 13 164 341 1 390 162 411 230 498 336 159 93 219 11 251 470 353 91 276 398 417 142
231 171 381 450 58 26 84 193 463 4 363 69 142 78 32 224 480 227 276 266 51 33 238 334 277 170 245 382 500 293 82 51 74 265 58 353 398 171 294 387 74 496 113 233 249 157 435 292 450 362 297 186 377 214 36 500 440 467 467 142 103 28 244 218 246 305 43 59 482
2 198 256 101 221 374 448 152 226 137 352 268 457 150 7 90 23 262 177 211 227 13 313 21 477 446 363 47 371 19 202 14 334 454 87 493 234 395 461 55 161 38 88 443 396 330 10 262 164 94 441 410 87 122 472 480 63 283 247 329 329 29 328 497 135 396 86 152 100
454 291 409 11 383 160 482 223 497 321 314 356 95 337 472 407 471 367 138 420 462 188 382 164 19 236 66 27 144 4 433 462 73 13 31 5 28 23 228 220 107 275 276 265 328 58 14 104 389 409 309 431 385 147 140 24 66 221 426 355 184 146 304 295 31 219 37 366 345
350 362 464 187 496 275 317 397 97 265 215 186 361 383 327 250 83 462 35 146 237 329 271 118 226 427 398 471 327 345 367 376 272 96 296 76 444 119 282 135 287 296 338 364 464 325 364 400 25 497 168 135 342 116 262 144 393 143 294 132 186 182 360 205 431 443 269 284 171
406 137 128 6 351 432 481 172 331 391 12 170 245 470 145 205 500 104 258 143 174 13 171 436 266 101 311 371 457 388 165 155 396 253 390 387 57 442 448 229 224 372 282 446 188 42 475 195 331 388 281 273 243 274 54 313 94 325 231 218 91 350 328 249 143 422 296 462 13
431 304 361 426 199 352 242 327 253 247 248 148 173 420 59 480 472 176 183 439 396 140 205 101 236 179 231 94 263 243 77 468 255 238 313 400 418 331 241 295 47 426 99 202 389 126 365 236 144 108 45 82 333 325 332 480 141 241 244 40 182 417 381 256 102 474 130 5 303
311 183 292 117 81 231 27 364 8 172 230 245 16 216 362 184 463 333 204 458 103 329 36 404 173 462 308 144 304 402 154 167 422 310 165 126 285 172 266 177 27 130 293 61 391 391 156 325 317 9 246 60 341 248 84 102 458 143 225 360 31 358 311 66 438 60 212 360 444
484 170 300 487 180 71 314 462 439 133 67 373 177 126 185 26 227 335 416 324 60 283 218 163 139 270 280 78 28 14 334 31 230 459 224 163 499 164 440 422 243 193 86 199 118 363 1 286 418 368 197 2 147 143 228 130 498 147 404 115 361 464 359 86 129 125 449 160 311
329 392 341 344 175 472 102 61 46 397 43 357 329 205 390 287 8 295 134 335 494 431 306 451 211 90 357 124 256 37 230 473 468 178 106 129 24 24 298 387 91 64 269 481 454 399 392 368 419 180 209 133 326 344 251 90 269 302 288 370 442 489 209 142 124 373 371 138 459
476 487 280 413 173 285 325 37 189 493 415 75 293 92 417 126 411 70 33 50 175 140 318 185 10 171 494 76 63 158 94 475 138 165 102 169 150 284 333 148 380 362 449 437 267 336 367 209 72 428 98 48 327 144 161 163 304 220 491 184 291 341 19 211 356 213 474 68 101
476 106 86 138 7 14 327 288 146 189 215 422 310 370 286 71 431 61 255 10 381 203 386 453 365 261 298 313 138 319 11 12 124 257 16 99 22 280 18 472 121 350 139 408 496 148 368 265 14 155 142 290 482 493 396 160 50 491 415 368 316 168 159 32 234 350 419 360 160
253 498 149 342 286 158 199 215 318 425 241 256 42 117 444 294 174 337 427 279 30 426 445 68 155 458 151 110 396 314 280 452 447 218 209 495 344 153 108 228 201 362 118 82 225 265 328 120 123 35 192 243 113 243 211 7 88 305 73 307 168 46 129 456 123 149 445 306 399
50 452 438 486 106 358 400 134 353 391 216 461 411 474 408 132 241 272 133 269 500 346 377 293 441 196 357 131 125 25 438 69 270 401 388 227 134 258 276 119 320 451 56 331 280 143 227 193 260 333 463 363 397 284 321 156 199 401 475 365 140 239 137 181 398 119 447 452 292
454 194 308 2 330 432 178 242 143 122 432 493 6 312 113 137 162 487 102 424 2 95 336 194 379 77 149 447 148 9 131 130 276 22 383 357 39 486 319 307 275 97 476 355 215 29 364 498 58 146 78 260 188 223 53 426 1 384 422 177 480 323 122 281 384 252 206 80 426
461 184 316 66 238 435 0 37 451 290 115 253 368 63 349 115 477 169 2 409 151 289 310 301 372 355 296 449 374 264 80 163 466 105 376 272 169 377 218 122 152 162 39 76 309 445 364 172 359 472 403 259 483 311 124 205 129 93 132 128 476 285 298 199 153 315 493 498 149
47 450 36 245 311 476 1 61 409 487 192 235 382 80 70 216 291 291 15 349 146 354 142 163 230 200 33 175 192 218 248 476 94 171 360 178 492 429 46 426 113 489 435 165 161 425 18 399 35 365 320 88 16 434 387 429 32 225 2 33 247 39 394 71 201 59 369 40 425
37 79 490 284 233 58 378 44 269 358 34 359 88 32 444 373 158 234 347 366 308 10 275 459 423 431 72 95 12 162 249 43 9 239 281 115 348 446 310 19 425 137 464 237 145 27 195 344 115 405 398 327 25 348 204 280 205 222 464 144 112 73 258 154 335 206 402 448 64
248 162 263 225 324 131 13 50 2 464 271 201 62 264 485 445 448 162 353 139 335 192 117 133 411 338 90 106 332 139 443 39 3 405 70 355 57 104 154 80 169 34 52 137 245 228 476 241 197 267 343 147 317 223 45 96 197 82 263 476 354 199 38 132 390 74 6 357 217
369 355 198 237 468 408 415 248 60 464 328 241 265 300 181 479 288 228 18 446 139 235 447 72 130 322 66 420 72 429 185 465 85 47 412 496 474 306 18 474 494 162 73 222 218 328 7 51 389 100 364 20 494 78 125 362 365 262 233 119 376 83 259 97 94 268 107 107 142
95 351 436 123 459 374 69 425 320 336 84 81 492 372 308 428 198 159 299 149 278 178 220 144 166 330 382 274 77 363 474 498 496 161 15 474 289 234 293 342 311 200 354 494 106 217 384 23 259 162 3 23 98 88 167 144 388 437 461 381 272 430 44 143 218 477 320 196 181
108 429 295 164 320 254 452 170 158 41 142 274 489 72 467 101 57 226 297 97 446 22 296 104 181 427 178 206 231 378 157 377 39 489 379 252 341 229 76 427 80 223 102 332 419 475 159 277 299 146 494 82 140 320 428 107 145 462 476 49 378 122 308 148 171 492 258 248 110
54 205 175 318 0 157 430 276 307 109 13 94 103 245 479 135 348 108 253 492 303 262 164 368 96 9 62 346 206 362 475 313 119 233 269 399 395 416 128 227 235 269 1 259 386 380 360 477 357 42 85 364 232 313 144 494 300 480 240 37 132 407 49 62 381 129 369 203 270
213 190 124 433 360 427 348 301 453 460 11 389 184 484 51 465 142 298 419 371 462 338 342 275 112 85 174 464 112 309 301 126 65 274 29 423 323 25 287 23 431 288 277 393 335 206 92 487 261 160 139 413 480 109 116 279 261 453 250 161 477 425 233 294 119 343 434 103 103
168 183 480 427 415 409 399 171 151 389 27 60 376 127 357 265 201 235 194 478 16 41 319 428 162 62 287 329 494 126 367 422 88 44 85 370 325 351 215 132 20 166 236 21 263 276 360 272 182 28 122 69 129 319 311 297 254 356 465 216 332 450 42 124 99 318 5 500 189
228 3 410 348 270 130 95 191 262 344 483 288 223 190 52 351 334 46 472 259 293 59 235 164 337 443 113 153 60 276 33 89 442 236 248 425 125 174 401 337 313 341 97 305 83 498 481 375 252 256 230 151 78 482 428 27 233 363 380 121 14 162 285 354 149 291 4 377 247
272 292 28 418 220 350 369 66 78 415 454 475 55 204 4 223 61 281 163 398 400 24 145 330 152 453 106 492 11 68 361 377 302 258 21 477 100 103 489 262 228 328 1 403 283 53 87 251 309 455 30 484 306 278 208 205 33 477 181 181 118 192 462 142 315 492 293 497 500
263 0 369 64 96 56 76 4 155 425 1 333 454 60 123 332 417 448 326 314 148 222 433 352 146 275 459 295 279 369 373 304 414 153 99 305 264 423 436 417 359 403 188 467 460 203 66 351 33 456 57 392 146 28 137 330 395 481 7 300 69 169 265 449 457 188 439 384 363
344 297 202 108 399 216 445 207 139 452 20 386 438 453 478 238 246 496 387 275 358 102 119 30 476 490 442 475 55 77 474 386 492 497 220 404 294 321 272 452 330 293 26 162 439 167 464 204 431 92 148 453 77 172 410 194 336 56 108 263 386 35 318 314 215 496 458 341 17
