81 43
722 518 515 832 531 711 840 661 561 770 592 856 657 829 773 836 744 655 675 565 664 737 971 502 692 915 640 615 575 886 837 571 974 886 813 723 548 943 897 745 912 895 946
997 941 542 847 741 712 619 987 895 816 529 816 714 890 649 887 783 681 702 871 591 990 698 687 734 527 850 798 762 561 593 740 953 979 921 772 845 894 852 978 943 550 645
600 815 867 517 944 526 727 836 584 592 795 604 791 801 887 607 772 666 629 940 678 589 691 680 670 883 738 555 988 964 786 541 949 887 808 654 775 796 896 971 503 985 970
545 809 826 513 751 951 629 801 957 957 680 504 525 814 640 542 658 797 991 875 534 908 744 768 974 938 901 962 784 789 964 988 584 843 848 913 747 996 794 890 947 945 759
926 635 686 986 836 785 765 643 586 668 729 917 846 740 555 754 694 542 692 745 665 694 768 732 648 753 965 508 921 737 603 671 697 651 931 677 726 765 662 595 852 717 625
725 838 604 819 803 812 823 678 788 536 975 996 629 876 531 672 588 512 735 925 707 819 695 928 646 665 706 909 800 516 862 737 566 766 581 926 769 987 909 582 675 650 868
960 550 873 879 522 593 539 736 995 588 531 546 791 550 720 553 589 698 760 695 947 953 538 872 922 631 975 692 956 983 536 617 874 505 745 765 823 747 686 712 1000 950 875
530 750 865 546 967 629 556 949 798 796 622 583 784 625 872 766 652 948 688 879 897 575 953 760 633 850 726 765 614 704 778 923 557 680 837 815 922 860 502 937 698 966 735
918 960 696 641 674 532 838 829 770 986 761 860 918 519 691 848 694 773 770 561 738 924 779 680 725 729 694 921 795 515 775 840 677 913 688 787 960 884 642 739 594 1000 586
745 943 815 686 605 769 935 830 625 501 612 565 982 697 963 578 573 577 774 824 781 936 860 960 587 658 793 962 866 848 637 721 547 863 637 830 656 842 711 503 943 504 581
926 601 879 751 998 764 759 978 677 899 555 751 638 545 580 927 570 602 836 838 682 893 734 785 780 947 923 504 527 864 668 981 688 559 838 579 921 968 584 500 938 569 854
686 978 626 633 912 921 942 525 684 837 653 711 547 839 857 969 704 623 500 747 722 738 982 765 718 585 538 941 906 672 977 883 987 971 622 584 877 613 785 960 909 552 590
918 837 672 621 678 771 597 675 594 787 899 667 842 543 511 789 647 929 547 799 703 651 920 728 661 798 565 731 848 958 833 794 919 646 737 877 702 545 598 755 678 870 542
548 687 707 711 789 958 635 902 770 710 651 969 906 777 531 776 744 789 919 999 778 905 553 781 807 575 754 935 999 833 918 744 931 728 543 908 829 984 605 881 886 830 836
674 600 683 536 531 754 879 825 626 645 570 673 543 605 654 892 560 523 511 905 679 721 667 729 827 883 788 591 966 855 580 846 570 635 904 568 578 865 729 673 778 922 869
508 599 684 659 842 874 877 636 943 561 504 501 933 883 684 962 615 751 962 899 909 840 964 927 924 566 745 505 534 911 513 874 788 705 978 931 586 775 584 581 629 623 992
751 686 962 544 543 996 844 956 758 866 702 681 821 909 759 794 933 955 564 781 920 879 746 887 551 743 606 838 507 717 929 962 667 945 754 667 752 958 977 505 680 623 541
505 636 889 911 961 742 549 551 880 733 632 589 807 949 641 570 653 728 671 962 733 547 685 672 584 593 605 771 868 765 504 692 933 676 568 583 626 595 533 570 606 789 949
734 681 885 859 566 911 601 746 908 528 910 806 780 704 910 887 810 747 666 615 923 820 506 840 979 789 876 688 665 792 699 827 533 533 635 752 576 754 576 798 746 692 822
799 647 688 866 533 727 774 578 957 574 710 711 524 783 809 967 989 529 542 519 550 937 782 693 912 857 779 550 899 823 903 596 608 785 917 611 919 558 655 635 597 992 635
587 679 988 614 945 876 681 976 738 531 551 968 697 792 697 686 682 731 509 763 667 784 612 526 812 1000 762 562 835 982 722 844 737 947 1000 600 979 986 583 502 698 816 540
913 974 952 846 645 619 979 824 654 841 528 742 921 900 542 904 585 698 815 575 519 609 867 628 706 872 938 726 971 755 561 750 549 558 658 792 706 799 747 876 511 750 950
661 966 527 906 906 576 917 705 504 855 742 606 625 699 574 766 674 932 807 544 769 741 702 849 776 838 930 715 907 658 844 861 618 585 968 853 787 990 833 748 883 738 763
618 723 834 542 769 979 586 961 814 957 827 755 549 620 676 731 529 515 984 616 891 798 797 866 618 835 578 609 986 677 679 663 686 986 629 763 775 949 895 784 570 734 618
715 781 633 648 760 715 887 718 638 599 737 615 850 768 957 968 740 546 545 718 877 692 712 608 875 989 906 945 736 740 641 954 653 719 576 530 726 781 723 717 752 640 757
943 630 919 672 961 984 972 653 524 791 806 850 973 505 816 641 617 757 834 905 761 929 784 791 776 827 914 733 965 940 519 526 578 919 575 911 587 735 516 554 696 724 512
944 968 662 645 656 752 964 823 803 758 839 677 805 764 767 685 548 660 995 949 992 542 533 853 980 699 731 840 782 975 759 624 662 506 883 922 526 961 862 827 969 609 539
885 782 990 796 863 639 967 694 591 586 837 736 829 963 676 536 829 605 965 896 979 720 1000 641 640 538 515 976 967 685 950 983 811 646 771 623 951 936 832 991 829 543 854
765 763 579 993 788 636 684 620 540 686 908 761 746 947 671 814 584 743 763 842 689 661 845 606 967 580 839 506 617 601 983 508 822 585 573 694 640 564 796 856 812 656 691
800 882 884 738 519 520 925 593 888 798 685 513 510 917 858 677 597 982 631 511 744 815 552 959 599 572 918 736 804 665 823 701 618 641 994 521 505 949 856 765 610 572 909
803 636 917 871 725 760 738 834 690 876 709 742 780 550 548 661 548 979 855 885 790 986 536 960 521 685 656 773 516 685 630 595 928 880 686 833 927 845 789 861 754 865 614
668 744 941 838 828 991 707 833 657 643 711 920 718 829 718 628 821 727 682 813 965 517 769 984 916 784 901 594 848 611 955 569 531 879 805 536 869 828 646 821 785 597 780
820 843 589 538 602 964 759 624 642 786 998 806 997 980 923 900 915 787 937 761 870 701 543 821 828 578 624 786 681 519 555 563 714 535 894 640 537 924 767 597 796 735 615
759 978 995 912 801 905 901 770 901 932 664 540 710 962 570 595 707 502 867 755 523 579 889 843 650 559 792 609 718 835 992 817 512 502 856 904 878 558 702 915 516 870 861
862 798 993 542 888 633 862 852 984 680 603 797 880 672 502 632 852 851 991 545 823 943 873 809 502 578 744 767 918 891 572 971 830 840 855 541 590 538 938 612 743 751 892
911 864 510 624 613 720 876 901 891 714 997 923 919 800 606 723 979 713 785 521 836 849 843 666 712 607 698 929 678 827 806 854 787 742 952 572 784 937 965 835 610 600 658
803 571 839 734 548 633 540 610 524 648 808 650 894 671 904 703 511 771 622 979 978 965 913 791 774 825 600 554 864 861 855 866 653 972 957 903 799 504 612 889 775 548 666
725 917 593 958 852 528 910 523 797 786 862 568 971 550 666 658 938 548 959 592 811 637 782 698 707 580 851 575 704 823 568 707 668 632 698 586 645 874 830 739 781 948 730
531 708 540 883 524 577 968 835 667 605 800 782 623 600 517 884 905 617 533 852 537 842 796 986 914 732 913 911 551 871 651 772 921 526 851 794 593 686 817 992 741 523 936
854 753 664 777 641 914 531 790 758 589 976 567 694 738 607 938 548 838 975 658 564 705 849 871 603 744 512 631 779 675 566 592 649 855 587 555 984 876 542 601 718 545 594
619 861 766 682 516 635 983 755 923 892 679 627 783 582 942 647 562 794 555 936 941 677 725 631 866 750 821 699 869 971 546 803 903 703 687 834 731 711 519 766 816 937 823
532 701 516 857 962 969 762 711 939 861 931 694 858 877 924 860 845 871 843 989 736 654 772 758 562 793 545 733 851 857 972 755 585 680 572 890 885 723 586 804 740 678 843
597 570 941 756 906 738 825 918 958 560 909 737 836 912 763 860 631 504 750 725 639 764 621 592 751 984 822 681 992 601 985 666 856 831 707 674 634 753 959 983 922 732 685
595 916 765 836 833 716 623 818 897 516 513 566 987 950 573 887 671 880 872 648 589 717 644 897 996 913 903 848 903 813 737 658 563 992 982 738 889 798 564 693 506 994 741
886 577 629 536 876 856 549 962 878 573 524 903 637 622 559 700 971 936 756 585 960 543 758 626 916 574 997 810 620 658 957 754 908 610 971 652 617 722 839 613 832 772 978
628 973 807 864 702 897 899 992 853 640 814 884 841 528 813 618 551 797 843 950 787 611 526 1000 820 888 675 688 504 787 800 594 923 846 893 874 990 936 702 694 970 602 705
802 838 726 580 853 517 587 530 577 607 923 739 971 504 710 894 871 569 700 542 933 841 526 770 820 751 622 727 780 924 709 821 726 959 569 845 800 932 549 804 533 517 883
873 913 573 673 537 526 900 930 706 760 696 624 980 766 802 549 822 605 643 921 776 883 870 677 630 595 841 541 600 733 812 582 850 835 940 687 749 924 875 931 991 994 585
552 717 720 611 862 997 633 527 893 741 555 825 965 574 843 539 804 579 690 655 823 517 602 561 648 610 720 991 791 694 910 583 594 811 967 572 898 826 527 851 512 632 778
696 579 860 820 627 858 774 726 929 773 930 616 710 520 937 883 803 704 509 793 620 733 744 839 958 786 834 560 982 604 858 752 908 827 885 569 628 621 841 716 719 979 939
896 811 626 705 933 967 629 628 765 901 597 977 857 573 967 547 800 752 983 549 635 688 630 675 557 640 889 1000 539 807 795 886 617 710 614 776 882 793 885 609 875 632 606
913 852 876 904 577 829 835 990 760 981 845 982 861 596 672 515 779 586 729 996 561 822 731 691 742 551 921 820 739 535 949 713 964 508 703 864 785 889 762 815 585 667 775
566 652 611 547 726 986 634 668 620 842 883 829 832 978 694 883 547 735 538 950 640 820 554 778 580 614 746 848 958 697 840 887 609 609 992 968 990 688 952 579 829 812 973
778 601 516 537 824 857 858 830 838 656 507 752 865 642 617 762 680 529 513 999 899 515 949 764 807 769 803 586 809 621 730 510 800 687 669 884 854 549 666 865 880 737 848
673 755 632 814 530 895 589 585 983 593 517 558 974 834 1000 507 951 575 579 872 617 758 928 597 744 742 797 843 865 588 677 819 728 743 586 738 794 892 561 997 856 786 756
929 985 734 966 880 528 522 726 848 740 1000 808 592 655 542 856 885 542 555 588 557 619 557 850 601 808 973 833 965 929 744 713 622 750 566 604 682 888 963 573 629 685 563
791 800 867 669 622 950 879 982 703 722 790 610 701 510 916 811 674 889 771 639 698 721 606 990 656 915 989 814 576 700 897 596 705 634 592 768 549 831 879 920 642 533 705
978 689 971 634 732 607 519 920 722 689 501 781 562 999 537 737 560 727 841 995 652 502 598 580 789 705 743 815 714 852 558 939 623 996 914 535 778 887 887 742 714 525 622
990 665 776 826 803 542 538 757 624 569 730 811 950 827 865 635 644 914 583 840 876 723 668 718 889 931 979 807 665 733 689 726 637 727 732 873 854 880 764 585 799 822 746
604 937 522 569 790 552 999 628 777 878 606 669 783 778 524 814 600 580 594 537 912 900 927 843 894 869 504 710 609 878 954 806 537 548 701 876 868 756 588 705 800 875 796
598 919 806 531 708 975 677 815 649 758 611 718 827 633 815 754 510 734 569 880 979 788 556 878 620 835 960 979 603 741 511 921 715 880 732 612 615 850 871 867 733 961 693
680 642 590 919 522 694 728 961 625 728 594 997 630 536 615 827 778 715 938 573 697 930 996 975 859 845 684 726 563 674 965 741 887 582 879 531 1000 710 563 506 833 760 823
945 898 758 712 763 551 907 890 766 944 650 596 634 589 787 872 575 606 788 775 531 519 597 766 552 574 994 806 880 661 739 948 703 551 931 694 898 624 505 607 812 569 917
733 530 753 814 991 894 950 996 912 730 629 876 785 820 517 793 648 983 903 541 610 775 665 561 820 745 695 974 802 949 795 531 743 893 707 958 656 571 855 878 678 815 776
781 636 503 519 776 643 721 682 621 521 686 600 838 884 840 947 829 818 560 977 673 686 873 872 538 751 748 809 741 660 619 560 876 585 542 687 727 509 945 728 616 785 752
522 989 545 820 745 835 964 855 847 713 649 523 543 909 628 656 801 506 695 933 720 582 918 816 891 639 625 565 680 606 602 568 740 764 784 752 844 812 561 553 532 726 834
816 664 646 519 755 645 652 798 600 693 751 900 949 656 560 554 969 936 953 801 684 551 983 515 570 550 805 747 813 611 997 780 996 547 756 900 666 976 858 991 766 740 990
588 533 539 996 540 823 935 959 733 602 559 590 742 610 609 643 814 987 549 871 980 916 552 926 710 762 974 717 911 587 796 854 538 759 545 911 674 981 600 722 707 766 971
532 987 962 907 718 940 680 818 937 925 545 646 658 619 723 827 934 517 967 872 762 960 969 696 696 644 616 656 818 932 582 787 743 631 744 728 712 868 652 645 992 574 961
524 836 781 503 887 742 740 762 593 596 570 682 646 737 841 559 734 990 714 872 808 628 679 651 652 748 801 934 531 663 726 864 993 789 767 877 536 811 979 528 961 576 986
581 717 900 502 508 506 514 783 838 905 571 737 673 710 987 835 510 903 784 632 675 823 861 594 700 944 571 795 713 807 964 668 939 632 804 693 880 525 722 856 784 679 826
751 918 974 507 940 640 682 692 657 956 633 703 593 533 730 614 914 656 695 968 538 757 980 952 984 956 512 759 525 620 629 787 652 736 902 581 728 536 734 662 738 921 901
837 946 817 728 657 816 852 940 991 946 940 703 808 814 991 931 719 802 706 560 550 832 688 520 891 763 694 930 631 604 824 572 910 777 787 632 844 794 594 575 581 625 1000
730 612 790 823 798 537 750 577 860 580 525 679 660 535 924 572 899 806 789 833 982 786 977 622 600 695 824 678 520 600 617 644 866 923 548 772 674 807 628 528 970 823 719
624 652 665 662 684 1000 861 597 604 686 572 551 502 693 589 868 607 983 648 644 959 839 796 847 570 958 564 996 622 658 800 791 806 529 716 644 524 688 944 944 940 683 905
598 965 888 575 919 905 750 564 626 845 896 862 767 789 799 966 909 724 562 674 594 717 611 981 591 995 706 993 955 512 922 987 773 712 653 826 838 942 728 668 660 644 857
592 971 865 755 506 746 922 932 576 601 740 679 978 818 658 962 660 776 753 923 687 515 689 850 859 831 804 877 816 907 688 646 688 681 909 532 836 801 937 996 511 570 685
511 751 691 505 911 590 514 906 516 517 743 831 727 746 645 939 750 585 910 607 829 815 748 750 561 548 873 884 916 999 978 786 587 831 710 773 647 688 505 709 892 674 618
912 768 837 514 947 853 536 739 608 829 635 956 851 772 512 651 672 765 596 756 737 517 614 510 620 686 786 645 803 722 622 525 776 797 813 961 597 980 874 575 784 694 742
749 657 780 531 741 584 749 809 637 739 765 599 631 548 793 950 964 709 999 758 761 602 898 624 840 649 928 998 661 723 872 845 819 973 678 623 505 713 699 973 554 756 726
756 599 533 646 775 706 954 715 894 602 848 1000 944 644 619 894 946 773 935 820 726 710 767 754 984 776 779 721 865 547 932 714 826 641 959 760 880 869 866 628 769 841 693
