17
3 6 9 13 24 30 43 46 51 54 61 62 65 76 78 81 87
90 91 92 96 104 106 107 111 112 114 118 120 141 144 145 146 155
162 163 173 177 178 179 182 184 185 191 193 201 202 207 208 220 229
230 232 241 243 244 245 247 248 250 254 259 260 266 267 271 272 273
275 286 290 292 298 302 305 306 307 308 314 317 320 321 323 325 330
332 336 338 340 343 349 351 356 364 366 368 370 371 373 376 382 388
389 391 392 396 397 398 402 404 405 412 413 415 416 417 418 419 420
429 435 436 442 443 447 452 454 455 456 457 458 459 460 461 464 465
466 471 476 477 478 480 483 486 490 493 494 496 498 504 507 509 514
515 516 520 521 522 534 538 540 541 546 548 550 552 557 559 562 563
566 568 571 577 580 588 589 594 595 608 610 611 619 620 627 632 634
636 640 641 643 645 646 649 652 656 657 658 660 666 667 669 670 672
674 675 680 686 690 692 693 694 696 702 708 710 712 717 726 735 738
740 748 749 753 754 759 761 774 778 781 788 794 795 797 803 805 822
825 829 832 833 834 836 839 842 845 847 849 857 861 863 864 865 867
869 872 874 875 877 878 882 883 893 896 897 905 913 918 920 924 929
938 943 946 952 953 957 958 959 965 966 970 972 978 985 991 992 993
