18
999 998 993 992 990 987 982 974 969 968 967 966 964 959 957 955 954 948
943 942 941 940 938 933 926 921 919 914 908 906 905 904 902 896 895 894
893 890 884 883 879 878 876 875 871 869 868 867 863 861 858 856 852 836
835 831 827 826 824 823 821 812 811 803 802 796 793 792 786 782 781 778
775 765 763 758 756 746 744 737 736 733 730 725 707 705 694 690 685 684
682 681 679 674 672 668 667 666 663 661 659 658 656 653 650 649 648 640
639 637 632 631 628 627 626 623 622 619 615 614 613 612 608 604 601 600
599 586 582 581 575 573 572 571 569 567 566 563 562 561 560 559 553 550
547 537 536 535 530 527 525 523 522 519 513 508 501 497 495 493 492 486
485 481 480 477 476 474 471 470 463 462 457 455 454 451 450 448 446 442
441 440 439 437 436 435 434 431 430 428 426 425 423 422 421 414 412 408
406 403 402 401 399 397 387 384 374 373 372 369 364 359 358 354 352 351
341 339 338 336 335 328 321 320 318 313 312 310 309 308 307 306 304 298
296 294 293 277 268 267 262 261 255 254 253 248 244 243 239 237 236 234
225 224 223 212 210 199 195 191 190 189 188 184 180 178 177 176 175 174
172 167 163 160 159 157 154 146 139 137 130 127 121 111 108 106 105 103
96 95 94 89 81 71 69 67 66 65 64 62 58 55 54 53 48 45
44 42 38 35 34 33 31 26 25 24 23 18 17 13 12 6 5 1
