13
99 76 75 72 70 67 51 42 37 25 22 18 2
206 196 195 189 172 171 140 128 121 120 113 103 100
291 277 272 266 264 260 252 248 231 228 225 222 209
378 376 369 358 355 346 342 335 330 326 315 314 301
465 458 454 450 440 439 420 418 414 407 398 395 390
555 550 543 542 540 538 537 535 534 528 506 498 470
631 616 610 604 584 583 577 575 572 566 565 563 557
693 691 687 681 669 668 667 661 654 644 641 637 633
751 746 732 728 725 722 717 715 713 712 708 705 701
813 800 799 798 794 790 777 774 770 767 765 757 752
881 879 853 852 850 845 840 839 830 829 821 816 815
926 925 921 920 918 917 916 912 910 909 908 891 887
999 998 995 994 986 980 977 972 949 946 945 937 933
