17
915 917 919 926 934 935 940 942 951 962 969 978 984 985 989 994 995
874 880 883 886 887 889 890 891 892 894 895 897 899 902 908 913 914
823 825 826 829 845 850 853 856 858 859 860 862 868 869 870 872 873
751 754 760 768 780 781 782 793 794 796 801 804 807 812 813 815 816
683 684 685 686 697 698 702 705 728 733 736 739 740 742 743 748 750
619 622 623 627 629 636 643 650 651 654 662 665 666 668 672 673 678
555 559 562 563 567 572 576 577 581 583 599 601 604 610 613 615 616
490 491 492 494 499 501 519 524 527 534 536 539 540 541 542 546 552
435 440 441 443 451 454 457 461 469 470 471 472 474 476 477 481 486
390 393 397 398 399 401 402 403 405 407 408 412 413 420 422 428 432
333 334 335 339 344 347 353 359 360 361 368 373 374 375 381 384 388
287 289 290 291 292 299 302 304 305 309 311 314 319 321 324 327 329
224 225 239 240 242 243 247 254 255 258 262 268 272 274 275 277 283
175 183 185 192 196 197 198 201 202 204 208 209 212 214 215 217 218
123 124 125 127 129 133 135 142 146 151 153 156 159 162 169 172 173
60 75 77 79 85 89 92 94 97 98 105 107 108 112 113 114 116
4 5 7 16 19 22 29 30 37 39 40 44 46 47 51 52 56
