30
4993 4991 4982 4974 4970 4962 4953 4951 4934 4933 4932 4928 4926 4922 4915 4908 4906 4897 4891 4889 4882 4872 4869 4864 4861 4858 4856 4850 4841 4838
4832 4824 4822 4815 4813 4804 4802 4798 4797 4795 4787 4774 4771 4761 4757 4743 4731 4730 4726 4715 4711 4704 4703 4699 4698 4695 4694 4688 4686 4680
4673 4672 4671 4670 4668 4667 4664 4660 4654 4652 4648 4639 4636 4627 4620 4619 4609 4606 4598 4584 4567 4554 4543 4542 4534 4524 4523 4519 4517 4516
4510 4509 4505 4503 4501 4491 4490 4486 4479 4468 4453 4443 4439 4431 4426 4422 4420 4414 4412 4410 4407 4406 4403 4391 4389 4369 4367 4365 4364 4351
4350 4344 4338 4336 4330 4326 4312 4304 4296 4285 4284 4278 4265 4264 4251 4248 4243 4242 4231 4223 4221 4212 4211 4206 4194 4192 4181 4178 4170 4167
4165 4164 4162 4157 4155 4148 4143 4141 4140 4124 4115 4114 4112 4107 4104 4098 4088 4087 4082 4077 4074 4062 4061 4060 4057 4054 4050 4045 4040 4039
4038 4033 4010 4007 3999 3993 3985 3984 3982 3970 3963 3960 3950 3944 3941 3940 3938 3934 3933 3926 3922 3905 3901 3900 3891 3889 3887 3885 3884 3872
3870 3866 3854 3852 3848 3833 3829 3821 3808 3804 3803 3789 3788 3785 3783 3766 3764 3759 3758 3753 3741 3738 3727 3721 3715 3712 3703 3701 3679 3677
3676 3667 3656 3653 3650 3647 3635 3629 3620 3618 3617 3598 3568 3561 3556 3555 3543 3542 3539 3532 3529 3519 3515 3513 3507 3501 3498 3491 3486 3484
3482 3475 3471 3466 3461 3459 3458 3455 3454 3448 3446 3444 3443 3442 3431 3430 3427 3423 3418 3417 3416 3414 3406 3401 3381 3375 3370 3346 3339 3338
3337 3336 3328 3320 3311 3308 3297 3292 3286 3266 3260 3256 3252 3246 3241 3238 3235 3223 3218 3217 3202 3192 3172 3171 3166 3152 3146 3143 3140 3137
3134 3132 3128 3125 3124 3118 3113 3105 3093 3083 3082 3072 3068 3066 3046 3045 3042 3041 3029 3028 3023 3015 2997 2994 2992 2984 2983 2980 2960 2957
2953 2952 2950 2929 2916 2907 2906 2904 2893 2889 2887 2886 2884 2883 2879 2869 2863 2858 2851 2847 2839 2834 2829 2827 2823 2820 2812 2798 2797 2796
2795 2794 2783 2775 2769 2762 2760 2754 2753 2752 2751 2749 2742 2735 2732 2720 2719 2703 2702 2700 2687 2681 2677 2676 2669 2668 2660 2646 2645 2644
2636 2631 2627 2626 2622 2621 2619 2606 2598 2595 2594 2586 2585 2571 2570 2569 2567 2565 2562 2554 2553 2551 2550 2548 2545 2534 2533 2531 2530 2528
2522 2519 2512 2499 2489 2485 2481 2476 2463 2458 2456 2453 2449 2432 2430 2429 2423 2418 2408 2404 2376 2370 2369 2366 2365 2361 2359 2347 2342 2341
2328 2327 2326 2322 2312 2311 2297 2286 2283 2280 2275 2270 2261 2260 2255 2243 2241 2240 2237 2235 2216 2215 2213 2208 2201 2192 2183 2172 2169 2164
2161 2160 2159 2151 2149 2143 2142 2139 2138 2134 2130 2129 2128 2126 2105 2099 2082 2078 2077 2071 2067 2057 2052 2051 2036 2025 2012 2007 2005 1995
1994 1989 1987 1984 1981 1980 1978 1964 1950 1949 1947 1941 1935 1911 1908 1900 1895 1891 1890 1879 1877 1861 1859 1856 1855 1853 1847 1845 1840 1832
1831 1829 1827 1822 1803 1799 1793 1786 1785 1777 1771 1768 1765 1764 1762 1761 1755 1737 1734 1733 1728 1716 1711 1705 1699 1695 1687 1680 1677 1675
1674 1670 1667 1663 1662 1656 1652 1620 1619 1617 1616 1595 1582 1578 1574 1563 1562 1557 1556 1553 1548 1547 1533 1528 1517 1516 1510 1508 1504 1495
1489 1477 1471 1464 1451 1447 1445 1440 1439 1438 1428 1427 1425 1419 1414 1398 1396 1390 1389 1387 1382 1374 1359 1353 1352 1350 1347 1329 1326 1324
1322 1320 1319 1316 1315 1314 1296 1295 1293 1281 1277 1262 1256 1246 1234 1229 1227 1215 1213 1207 1206 1204 1195 1193 1176 1169 1165 1156 1153 1148
1144 1132 1122 1121 1109 1106 1105 1099 1098 1094 1089 1084 1077 1075 1073 1070 1066 1063 1060 1052 1047 1040 1039 1036 1033 1030 1028 1027 1024 1022
1020 1004 997 980 978 951 946 945 936 935 934 926 918 917 914 912 895 891 889 867 864 855 844 836 833 828 825 819 811 794
792 790 788 785 765 763 755 744 739 726 722 718 708 707 706 702 700 681 673 672 670 669 653 648 640 638 636 616 614 611
609 593 589 586 584 582 580 576 575 569 568 563 552 550 549 542 540 534 528 521 515 507 506 501 498 493 475 471 460 457
455 450 431 428 418 410 408 407 406 392 386 381 378 374 363 360 357 355 353 349 338 337 316 315 311 302 291 289 287 286
285 281 278 277 270 269 256 253 252 247 241 227 225 222 221 219 214 191 188 185 182 175 174 171 166 165 159 156 155 149
146 141 139 134 131 128 124 121 112 108 106 105 102 100 89 88 80 79 70 67 43 39 35 33 22 18 16 10 9 5
