28
10 17 19 24 26 36 37 40 44 56 66 68 72 73 77 102 105 112 134 159 175 179 191 193 223 228 243 252
283 284 294 315 319 324 337 338 342 351 361 363 376 378 380 386 391 400 413 422 436 449 459 462 465 466 467 469
471 479 484 485 486 487 515 520 522 525 527 530 533 539 541 556 562 566 578 584 589 590 592 595 602 604 605 608
610 612 613 638 640 645 647 658 661 662 668 672 686 695 700 705 710 712 717 722 728 732 753 762 774 782 787 793
794 799 800 815 816 817 821 834 837 848 849 854 856 857 869 873 877 883 886 893 914 932 935 962 966 969 975 982
983 984 989 992 1009 1017 1022 1028 1032 1038 1039 1042 1044 1045 1049 1055 1062 1067 1068 1069 1078 1081 1082 1087 1101 1103 1104 1112
1117 1121 1123 1126 1129 1131 1135 1148 1153 1159 1169 1173 1178 1183 1184 1192 1202 1205 1206 1209 1211 1232 1238 1245 1249 1252 1253 1258
1261 1274 1277 1309 1313 1314 1318 1320 1323 1327 1333 1334 1340 1347 1349 1357 1368 1370 1381 1382 1389 1394 1401 1408 1415 1423 1424 1426
1427 1431 1444 1447 1460 1472 1475 1477 1480 1482 1484 1497 1502 1527 1529 1532 1535 1536 1537 1538 1553 1555 1570 1576 1603 1606 1610 1617
1619 1626 1631 1649 1650 1651 1656 1658 1660 1661 1662 1677 1679 1686 1701 1705 1706 1709 1721 1723 1730 1731 1736 1739 1758 1764 1765 1775
1780 1787 1791 1793 1797 1800 1805 1816 1825 1836 1845 1846 1849 1853 1854 1860 1862 1879 1885 1903 1910 1918 1919 1921 1922 1938 1943 1945
1948 1951 1953 1964 1969 1984 1988 1993 2012 2036 2043 2053 2055 2058 2061 2064 2079 2087 2091 2102 2106 2109 2122 2123 2128 2135 2146 2166
2170 2171 2173 2178 2187 2193 2203 2208 2211 2216 2217 2222 2223 2234 2241 2248 2251 2253 2282 2283 2285 2296 2297 2303 2308 2309 2330 2334
2335 2342 2343 2347 2362 2365 2398 2412 2413 2421 2422 2426 2437 2450 2471 2473 2475 2477 2478 2479 2480 2481 2487 2490 2491 2500 2514 2515
2521 2539 2546 2547 2549 2552 2557 2559 2562 2579 2584 2590 2591 2597 2598 2613 2618 2627 2628 2638 2642 2644 2655 2656 2657 2675 2680 2701
2703 2723 2726 2727 2736 2739 2746 2751 2754 2765 2767 2772 2773 2775 2782 2790 2795 2804 2809 2826 2827 2833 2839 2840 2851 2856 2858 2860
2864 2869 2872 2881 2882 2883 2884 2888 2895 2911 2926 2936 2940 2944 2959 2966 2971 2974 2980 2987 3001 3005 3007 3011 3014 3026 3039 3040
3044 3048 3050 3053 3054 3060 3061 3062 3063 3064 3067 3075 3083 3095 3106 3108 3120 3126 3129 3130 3134 3145 3146 3150 3158 3160 3161 3166
3171 3179 3180 3181 3185 3191 3193 3229 3233 3236 3246 3255 3267 3270 3273 3275 3278 3280 3292 3293 3300 3301 3308 3310 3311 3314 3331 3339
3351 3352 3359 3382 3385 3395 3417 3442 3460 3463 3481 3486 3494 3496 3507 3508 3521 3530 3536 3543 3552 3556 3566 3572 3574 3577 3578 3581
3583 3589 3590 3598 3603 3606 3609 3618 3619 3624 3628 3631 3632 3643 3645 3659 3660 3662 3681 3688 3696 3697 3711 3712 3713 3720 3730 3731
3735 3743 3748 3754 3760 3767 3774 3784 3790 3792 3799 3801 3814 3815 3817 3834 3835 3838 3847 3860 3868 3870 3872 3885 3892 3898 3910 3921
3925 3927 3928 3934 3948 3960 3967 3979 3981 3987 3990 4007 4009 4019 4041 4051 4054 4068 4077 4086 4091 4093 4110 4123 4128 4132 4133 4144
4147 4162 4167 4174 4176 4179 4185 4194 4201 4204 4208 4212 4216 4217 4220 4236 4242 4246 4247 4248 4261 4262 4267 4268 4290 4297 4303 4304
4310 4313 4315 4316 4319 4327 4337 4339 4345 4359 4361 4362 4364 4372 4377 4383 4387 4402 4415 4423 4430 4439 4440 4446 4448 4462 4468 4476
4477 4492 4495 4500 4505 4514 4520 4522 4529 4541 4547 4551 4552 4558 4561 4570 4579 4584 4591 4597 4599 4604 4605 4615 4624 4627 4640 4643
4644 4647 4652 4656 4659 4661 4662 4665 4671 4680 4684 4691 4705 4712 4730 4731 4734 4737 4741 4750 4751 4757 4759 4784 4789 4804 4805 4807
4808 4813 4815 4836 4840 4846 4860 4868 4875 4877 4907 4908 4909 4913 4926 4932 4933 4943 4952 4955 4962 4969 4974 4977 4978 4979 4988 4989
