29
169 356 514 643 786 932 1111 1274 1463 1639 1741 1882 2073 2299 2530 2732 2900 3105 3265 3467 3606 3726 3964 4128 4348 4499 4660 4823 4997
168 341 507 640 784 929 1108 1264 1462 1629 1739 1880 2072 2287 2519 2731 2890 3098 3264 3464 3605 3724 3952 4127 4343 4497 4659 4822 4986
164 333 502 631 781 915 1099 1254 1436 1627 1732 1877 2065 2274 2515 2729 2880 3096 3260 3461 3595 3722 3951 4126 4338 4494 4655 4817 4969
157 332 499 630 780 912 1096 1248 1427 1626 1729 1873 2051 2261 2498 2722 2877 3085 3258 3447 3594 3708 3940 4124 4333 4487 4654 4810 4968
153 298 498 629 779 911 1093 1247 1423 1623 1726 1868 2042 2258 2489 2714 2875 3081 3248 3432 3592 3704 3910 4106 4331 4483 4648 4808 4955
139 295 479 625 777 907 1091 1234 1406 1619 1725 1866 2035 2248 2476 2713 2869 3078 3243 3431 3577 3702 3886 4089 4317 4482 4647 4806 4950
137 287 464 610 771 901 1090 1224 1394 1611 1724 1854 2034 2244 2475 2711 2864 3077 3242 3427 3566 3692 3882 4086 4313 4475 4646 4786 4942
127 277 463 609 763 898 1074 1217 1393 1609 1715 1845 2021 2234 2472 2708 2851 3065 3239 3415 3563 3682 3881 4085 4299 4474 4643 4761 4936
113 276 456 606 762 889 1065 1215 1392 1607 1714 1844 2019 2228 2469 2705 2845 3060 3235 3409 3562 3670 3880 4082 4292 4471 4638 4755 4933
89 275 453 604 760 887 1056 1212 1390 1586 1710 1839 2016 2216 2467 2682 2842 3059 3232 3408 3553 3668 3871 4071 4291 4470 4624 4752 4925
82 263 451 603 751 881 1052 1209 1387 1575 1707 1834 2001 2210 2461 2670 2840 3047 3224 3405 3549 3657 3869 4067 4288 4448 4623 4742 4919
79 259 444 591 747 874 1036 1208 1385 1571 1705 1825 1992 2208 2446 2660 2825 3034 3222 3384 3547 3656 3867 4058 4276 4442 4622 4727 4915
76 258 434 588 717 866 1032 1205 1381 1568 1701 1812 1991 2205 2441 2648 2818 3033 3212 3375 3545 3654 3864 4053 4265 4435 4616 4724 4897
75 256 428 582 709 863 1031 1201 1380 1566 1696 1807 1987 2202 2419 2637 2816 3029 3211 3361 3542 3653 3858 4043 4262 4431 4611 4722 4895
67 252 426 572 708 861 1016 1187 1374 1562 1693 1806 1986 2193 2411 2634 2812 3025 3208 3353 3533 3642 3830 4034 4256 4428 4605 4709 4894
61 248 410 553 706 860 1013 1185 1356 1556 1691 1801 1984 2190 2399 2630 2789 3006 3205 3342 3531 3637 3823 4030 4251 4426 4597 4699 4892
60 243 406 551 703 843 1007 1171 1355 1549 1690 1795 1961 2179 2393 2618 2784 2999 3194 3337 3529 3633 3804 4028 4248 4410 4595 4698 4891
56 233 402 549 696 836 1006 1170 1347 1542 1689 1794 1959 2174 2374 2615 2770 2987 3187 3335 3521 3632 3802 4008 4246 4404 4593 4697 4889
55 229 399 547 694 835 999 1168 1344 1539 1683 1792 1955 2173 2373 2610 2765 2985 3181 3331 3516 3628 3786 4006 4230 4398 4579 4695 4888
52 211 398 546 688 834 996 1157 1339 1527 1676 1790 1952 2164 2372 2605 2764 2983 3160 3326 3513 3627 3777 4004 4215 4397 4578 4691 4882
48 190 397 544 680 831 994 1146 1338 1523 1671 1784 1949 2139 2361 2585 2759 2966 3153 3322 3511 3624 3776 4003 4207 4396 4565 4687 4852
45 189 396 541 676 825 991 1142 1332 1522 1670 1777 1942 2121 2354 2580 2757 2962 3151 3315 3510 3622 3771 4000 4206 4393 4558 4682 4847
40 187 391 538 675 821 989 1133 1330 1519 1665 1771 1941 2113 2351 2565 2752 2956 3146 3314 3482 3619 3769 3999 4185 4383 4551 4675 4845
31 184 383 537 670 818 986 1131 1325 1513 1663 1770 1927 2103 2342 2561 2748 2950 3142 3301 3479 3618 3767 3997 4170 4381 4538 4673 4841
30 182 371 533 669 817 984 1128 1319 1508 1662 1769 1921 2097 2337 2557 2747 2920 3138 3281 3477 3617 3754 3994 4167 4380 4535 4672 4837
23 179 370 528 666 815 974 1126 1309 1499 1650 1766 1915 2093 2336 2550 2740 2916 3135 3279 3476 3614 3750 3986 4148 4379 4526 4671 4836
17 177 360 523 663 799 965 1120 1303 1485 1648 1757 1913 2090 2323 2541 2739 2911 3132 3277 3475 3613 3745 3982 4135 4361 4521 4664 4828
8 176 358 521 656 796 956 1116 1281 1474 1645 1753 1903 2084 2308 2539 2738 2910 3109 3275 3472 3608 3742 3978 4134 4358 4519 4663 4827
2 174 357 519 645 788 941 1112 1278 1468 1644 1743 1901 2076 2304 2532 2737 2908 3108 3273 3470 3607 3739 3974 4129 4351 4512 4661 4826
