37
129 123 121 120 117 113 109 105 98 94 88 85 83 82 81 80 79 74 63 57 49 47 44 41 36 35 34 25 24 23 16 11 8 5 3 2 0
272 270 269 266 262 260 258 254 253 248 220 219 216 212 207 206 205 204 202 185 184 180 175 171 170 167 163 157 151 148 147 146 145 143 142 140 130
411 410 409 404 393 392 388 384 368 360 353 352 350 348 340 339 335 333 331 325 323 321 317 315 313 312 308 305 304 303 301 299 295 290 285 281 275
542 540 538 536 535 529 527 526 522 520 519 515 514 511 509 508 503 499 494 487 486 484 481 479 474 472 471 469 468 465 464 462 457 446 418 416 412
653 652 648 638 637 632 631 629 626 623 620 619 614 611 605 599 596 592 586 585 581 579 576 575 574 571 570 567 566 563 559 555 553 551 549 545 543
794 790 789 785 784 783 778 772 766 761 759 756 753 750 749 748 747 735 734 733 731 729 728 720 719 717 715 713 695 692 675 668 666 662 661 659 654
918 914 913 910 907 904 899 898 888 887 885 879 873 872 870 869 866 860 855 854 853 851 849 842 837 835 830 829 827 826 816 811 809 808 805 803 797
1038 1030 1029 1026 1025 1024 1019 1013 1012 1011 1010 1008 1007 1002 1001 1000 996 994 993 988 985 984 983 980 963 962 958 956 951 948 946 939 935 932 929 926 924
1157 1149 1144 1143 1142 1140 1136 1135 1134 1133 1131 1125 1120 1119 1118 1114 1110 1103 1101 1098 1097 1094 1090 1087 1080 1079 1069 1064 1062 1061 1059 1055 1054 1053 1052 1050 1047
1295 1292 1284 1281 1277 1276 1267 1258 1253 1251 1249 1248 1245 1240 1239 1237 1233 1232 1228 1226 1225 1224 1222 1220 1217 1216 1214 1210 1208 1203 1202 1199 1195 1175 1170 1159 1158
1446 1441 1439 1435 1428 1420 1417 1415 1413 1408 1407 1401 1398 1386 1383 1382 1373 1368 1367 1366 1365 1364 1363 1362 1349 1348 1346 1340 1339 1338 1330 1327 1325 1321 1319 1311 1301
1569 1555 1554 1541 1537 1534 1532 1525 1524 1518 1513 1511 1507 1505 1504 1500 1498 1495 1494 1491 1490 1489 1486 1484 1483 1479 1477 1476 1472 1467 1462 1459 1458 1453 1452 1450 1448
1724 1723 1722 1712 1707 1706 1703 1701 1700 1699 1696 1683 1678 1673 1670 1668 1662 1661 1659 1646 1641 1636 1632 1631 1630 1625 1621 1617 1614 1606 1602 1594 1582 1581 1577 1571 1570
1838 1834 1831 1829 1824 1821 1820 1819 1818 1815 1813 1802 1801 1798 1797 1795 1794 1790 1786 1785 1778 1774 1768 1764 1760 1756 1755 1749 1748 1741 1740 1738 1734 1733 1732 1726 1725
1946 1942 1941 1940 1938 1935 1933 1927 1924 1921 1918 1915 1913 1912 1909 1907 1903 1900 1898 1897 1894 1889 1887 1885 1884 1882 1879 1877 1876 1872 1867 1855 1851 1850 1849 1846 1843
2074 2072 2071 2068 2064 2063 2061 2059 2058 2055 2053 2042 2040 2038 2034 2033 2032 2031 2029 2023 2021 2019 2016 2009 2004 2000 1992 1988 1986 1984 1973 1972 1969 1967 1957 1955 1954
2192 2190 2189 2183 2176 2175 2174 2169 2165 2162 2159 2157 2151 2149 2148 2140 2137 2135 2125 2123 2122 2118 2117 2116 2112 2108 2103 2100 2096 2089 2086 2085 2084 2083 2081 2078 2075
2344 2342 2336 2333 2332 2329 2328 2323 2321 2316 2310 2305 2302 2300 2296 2291 2287 2286 2284 2274 2273 2271 2265 2263 2261 2254 2240 2231 2229 2227 2222 2219 2216 2209 2201 2195 2193
2515 2511 2508 2504 2500 2499 2496 2494 2481 2478 2472 2470 2468 2467 2465 2455 2454 2453 2442 2423 2415 2409 2408 2406 2395 2392 2391 2380 2377 2376 2375 2372 2357 2353 2351 2350 2345
2641 2637 2636 2634 2627 2625 2624 2623 2620 2615 2611 2608 2600 2597 2596 2587 2582 2577 2576 2573 2570 2568 2567 2564 2562 2554 2553 2552 2548 2541 2539 2536 2529 2528 2525 2522 2518
2766 2763 2759 2756 2754 2747 2744 2738 2737 2733 2731 2729 2726 2724 2715 2711 2710 2705 2703 2694 2692 2689 2687 2685 2684 2681 2678 2677 2669 2667 2666 2665 2663 2659 2658 2657 2649
2930 2927 2924 2920 2919 2915 2907 2902 2900 2888 2884 2883 2878 2876 2858 2857 2855 2849 2841 2840 2838 2834 2832 2825 2823 2818 2811 2810 2809 2797 2796 2789 2774 2770 2769 2768 2767
3053 3050 3049 3047 3045 3039 3037 3028 3026 3025 3022 3014 3012 3010 3007 3006 3003 3000 2999 2993 2992 2986 2985 2984 2980 2972 2969 2965 2963 2958 2949 2948 2947 2945 2943 2936 2933
3181 3175 3172 3171 3166 3165 3161 3160 3159 3157 3152 3147 3145 3139 3134 3128 3127 3126 3121 3115 3109 3108 3100 3098 3091 3084 3081 3080 3074 3073 3067 3066 3061 3060 3059 3055 3054
3336 3335 3330 3326 3324 3313 3309 3306 3298 3297 3293 3289 3288 3287 3285 3284 3270 3269 3263 3255 3251 3250 3229 3228 3224 3222 3220 3218 3217 3216 3210 3207 3203 3195 3190 3189 3183
3475 3474 3469 3467 3463 3461 3458 3456 3453 3451 3448 3447 3441 3437 3435 3434 3432 3430 3427 3425 3419 3411 3401 3396 3395 3383 3380 3378 3375 3370 3368 3364 3352 3350 3345 3341 3339
3607 3603 3601 3593 3591 3585 3582 3578 3575 3570 3569 3564 3560 3552 3551 3550 3545 3543 3542 3541 3540 3537 3535 3526 3523 3521 3515 3512 3508 3507 3502 3497 3494 3488 3485 3484 3483
3743 3742 3741 3739 3735 3734 3731 3729 3723 3721 3713 3709 3704 3695 3694 3689 3686 3685 3681 3679 3678 3670 3667 3666 3655 3650 3649 3639 3638 3637 3634 3633 3631 3622 3617 3613 3612
3869 3865 3863 3862 3857 3856 3853 3850 3848 3847 3842 3841 3840 3839 3831 3830 3828 3823 3816 3797 3796 3795 3793 3791 3780 3779 3773 3772 3767 3766 3763 3762 3758 3754 3752 3750 3745
4003 4000 3998 3993 3991 3988 3982 3980 3977 3964 3962 3960 3957 3954 3949 3943 3938 3932 3930 3926 3925 3918 3917 3915 3914 3912 3911 3908 3903 3898 3897 3895 3890 3888 3887 3881 3871
4122 4112 4110 4109 4108 4100 4098 4093 4092 4091 4090 4085 4083 4080 4079 4076 4074 4071 4070 4067 4063 4056 4055 4053 4047 4046 4044 4038 4037 4028 4022 4020 4016 4015 4011 4008 4007
4276 4274 4264 4253 4251 4250 4242 4241 4233 4228 4220 4214 4209 4201 4200 4197 4195 4191 4190 4184 4182 4181 4179 4172 4165 4162 4155 4154 4153 4152 4151 4149 4148 4140 4139 4132 4127
4419 4417 4415 4411 4410 4406 4395 4393 4392 4385 4383 4378 4377 4376 4362 4361 4358 4348 4340 4339 4334 4324 4320 4318 4317 4314 4311 4310 4306 4305 4301 4289 4283 4282 4281 4278 4277
4539 4537 4533 4528 4525 4524 4520 4518 4514 4513 4512 4510 4509 4498 4497 4495 4494 4488 4487 4485 4481 4479 4472 4471 4469 4467 4460 4459 4452 4444 4443 4442 4440 4435 4431 4427 4425
4666 4655 4653 4649 4648 4647 4640 4634 4628 4626 4623 4621 4620 4618 4611 4610 4599 4596 4592 4591 4589 4588 4587 4586 4583 4580 4577 4576 4571 4570 4568 4567 4561 4555 4548 4544 4541
4857 4850 4845 4842 4839 4833 4824 4821 4817 4814 4813 4810 4801 4794 4793 4789 4785 4778 4761 4751 4749 4746 4743 4734 4726 4725 4718 4716 4710 4708 4699 4698 4687 4682 4674 4671 4667
4999 4997 4995 4989 4987 4986 4984 4978 4972 4968 4961 4960 4955 4954 4944 4943 4935 4931 4917 4912 4911 4901 4900 4897 4896 4895 4889 4888 4887 4882 4878 4877 4867 4866 4865 4862 4860
