33
4995 4852 4685 4564 4397 4253 4087 3877 3731 3584 3451 3306 3136 2976 2780 2619 2500 2344 2223 2079 1928 1805 1699 1550 1318 1142 1042 879 734 600 460 298 169
4993 4848 4682 4557 4396 4252 4065 3873 3724 3583 3450 3298 3134 2972 2779 2615 2498 2340 2219 2075 1923 1803 1688 1540 1311 1139 1038 878 732 599 454 297 157
4982 4843 4681 4550 4393 4248 4061 3871 3716 3580 3445 3297 3133 2968 2778 2609 2496 2339 2206 2074 1922 1802 1687 1534 1301 1135 1033 871 726 598 442 296 141
4980 4839 4679 4549 4392 4239 4052 3865 3713 3572 3443 3296 3132 2967 2777 2606 2494 2338 2200 2073 1921 1800 1685 1530 1298 1134 1032 867 715 588 441 285 138
4979 4834 4674 4544 4388 4236 4038 3863 3696 3566 3439 3293 3128 2966 2774 2605 2493 2336 2199 2069 1919 1798 1683 1511 1296 1131 1028 861 713 586 439 281 136
4974 4828 4672 4534 4384 4235 4033 3860 3695 3559 3431 3279 3127 2959 2773 2602 2490 2333 2198 2068 1910 1796 1677 1495 1279 1128 1020 860 708 575 430 280 135
4971 4822 4671 4526 4381 4234 4031 3857 3690 3558 3430 3277 3126 2944 2772 2601 2482 2331 2197 2060 1909 1794 1676 1484 1274 1126 998 858 707 573 427 276 131
4968 4820 4670 4524 4380 4230 4027 3855 3689 3551 3427 3271 3123 2941 2765 2591 2481 2330 2194 2055 1903 1789 1672 1473 1267 1125 997 856 705 568 409 272 130
4958 4819 4668 4505 4378 4228 4018 3850 3688 3550 3426 3265 3118 2939 2764 2583 2480 2325 2193 2051 1902 1786 1671 1468 1265 1120 994 855 704 567 405 270 129
4952 4812 4666 4484 4372 4227 4012 3848 3669 3547 3423 3262 3116 2930 2763 2582 2478 2324 2188 2049 1901 1785 1668 1455 1254 1119 993 853 703 563 404 267 120
4949 4806 4664 4483 4371 4224 4007 3845 3668 3538 3420 3253 3106 2919 2760 2574 2476 2321 2185 2046 1894 1784 1667 1454 1250 1118 986 845 700 558 397 258 119
4947 4804 4660 4481 4369 4222 3991 3840 3667 3532 3393 3252 3102 2916 2749 2571 2475 2320 2179 2041 1893 1782 1654 1452 1246 1116 982 839 694 556 395 255 118
4946 4802 4658 4475 4357 4215 3987 3834 3666 3530 3389 3240 3099 2902 2748 2560 2474 2319 2177 2040 1889 1777 1648 1451 1245 1111 975 837 678 555 392 245 117
4942 4797 4657 4474 4354 4210 3981 3833 3665 3528 3381 3239 3093 2882 2747 2555 2469 2313 2170 2033 1887 1776 1642 1437 1239 1108 972 836 673 550 383 243 115
4940 4794 4653 4461 4352 4206 3975 3832 3660 3526 3379 3232 3090 2873 2724 2550 2465 2309 2169 2025 1878 1773 1639 1436 1233 1105 967 835 668 547 381 242 114
4938 4793 4652 4455 4340 4201 3965 3830 3656 3519 3378 3225 3085 2867 2714 2548 2459 2301 2162 2020 1873 1769 1636 1435 1229 1099 966 824 667 539 380 238 109
4931 4790 4646 4454 4311 4199 3963 3826 3652 3518 3375 3222 3077 2863 2713 2546 2447 2299 2161 2018 1867 1767 1634 1434 1223 1097 960 821 666 537 377 234 88
4927 4782 4645 4450 4308 4197 3958 3815 3651 3512 3374 3214 3068 2861 2712 2545 2446 2294 2158 2014 1862 1760 1622 1425 1221 1095 955 818 662 532 376 233 84
4922 4781 4639 4448 4306 4195 3955 3806 3650 3511 3370 3213 3039 2855 2707 2543 2431 2293 2151 2013 1859 1746 1621 1421 1220 1090 954 815 658 525 374 226 76
4921 4770 4636 4447 4304 4187 3949 3805 3649 3508 3369 3212 3034 2852 2706 2542 2427 2292 2144 2012 1858 1745 1619 1411 1213 1087 952 802 657 524 365 225 71
4920 4768 4629 4444 4303 4174 3948 3803 3644 3505 3361 3207 3025 2850 2705 2538 2411 2289 2129 2000 1857 1740 1617 1407 1207 1081 951 793 655 522 357 206 68
4917 4766 4624 4442 4295 4170 3940 3796 3624 3498 3358 3199 3022 2849 2699 2537 2405 2288 2125 1993 1849 1738 1615 1401 1202 1080 946 791 653 508 356 199 55
4916 4756 4617 4441 4294 4158 3938 3793 3622 3494 3348 3193 3014 2840 2680 2535 2397 2283 2122 1985 1843 1732 1599 1393 1200 1070 942 790 651 506 351 198 49
4914 4754 4601 4436 4280 4150 3930 3791 3618 3490 3347 3191 3012 2838 2676 2526 2396 2277 2116 1974 1839 1731 1598 1384 1199 1069 934 783 647 505 335 197 40
4894 4750 4596 4435 4276 4139 3927 3790 3610 3482 3341 3181 3010 2836 2663 2523 2393 2258 2107 1968 1837 1730 1590 1375 1193 1068 932 779 644 496 333 196 38
4890 4737 4591 4431 4274 4136 3925 3788 3605 3481 3336 3180 3000 2825 2651 2515 2392 2254 2105 1967 1828 1728 1588 1372 1185 1065 931 775 641 494 332 193 37
4888 4734 4590 4429 4272 4130 3922 3786 3604 3476 3334 3179 2991 2822 2650 2512 2388 2245 2104 1965 1826 1724 1582 1370 1184 1064 915 766 640 493 329 192 35
4875 4731 4588 4421 4268 4120 3921 3778 3603 3473 3333 3178 2989 2814 2645 2511 2374 2243 2098 1959 1825 1717 1576 1363 1177 1062 910 758 634 487 326 190 32
4860 4729 4583 4418 4263 4115 3916 3770 3602 3467 3326 3177 2988 2810 2636 2509 2366 2240 2094 1957 1823 1715 1569 1359 1176 1059 907 757 626 483 317 185 30
4859 4726 4581 4410 4262 4114 3913 3769 3595 3464 3323 3156 2984 2796 2635 2507 2362 2238 2093 1949 1822 1714 1568 1353 1173 1056 892 754 624 482 305 182 13
4856 4716 4578 4406 4258 4101 3899 3763 3593 3462 3321 3154 2983 2790 2633 2506 2351 2235 2092 1946 1820 1712 1566 1350 1166 1053 891 749 618 480 304 179 12
4854 4704 4577 4405 4257 4094 3892 3758 3591 3461 3317 3150 2981 2784 2630 2505 2349 2228 2091 1943 1816 1709 1558 1333 1164 1050 887 738 607 479 303 178 5
4853 4690 4572 4401 4255 4092 3881 3742 3589 3452 3309 3140 2980 2781 2624 2503 2345 2226 2082 1931 1811 1701 1554 1321 1149 1046 886 736 606 475 299 177 2
