36
4880 4885 4886 4887 4890 4893 4895 4900 4905 4911 4912 4919 4920 4929 4930 4935 4938 4939 4945 4946 4947 4950 4957 4966 4971 4976 4977 4979 4986 4987 4989 4991 4992 4995 4998 4999
4763 4764 4778 4779 4780 4782 4784 4788 4789 4792 4794 4795 4796 4797 4802 4805 4811 4813 4816 4819 4820 4823 4833 4835 4840 4845 4851 4852 4853 4867 4868 4870 4873 4875 4878 4879
4642 4645 4647 4649 4650 4653 4656 4657 4658 4666 4669 4671 4673 4676 4677 4684 4685 4686 4697 4699 4703 4714 4715 4726 4727 4729 4730 4731 4738 4742 4744 4750 4752 4757 4758 4760
4521 4522 4524 4525 4530 4531 4532 4533 4535 4540 4542 4544 4546 4550 4552 4558 4561 4565 4567 4568 4569 4570 4571 4573 4581 4590 4603 4605 4607 4609 4614 4615 4624 4628 4633 4640
4392 4396 4398 4400 4402 4408 4409 4411 4412 4430 4431 4440 4447 4449 4453 4457 4471 4472 4473 4475 4478 4483 4486 4488 4489 4491 4493 4494 4495 4496 4497 4498 4502 4512 4513 4516
4245 4247 4255 4256 4258 4260 4264 4269 4272 4274 4277 4279 4280 4283 4284 4292 4294 4296 4301 4305 4306 4309 4321 4323 4326 4327 4334 4341 4348 4363 4368 4369 4373 4374 4382 4389
4100 4101 4113 4117 4122 4123 4129 4131 4133 4134 4135 4143 4145 4151 4153 4165 4168 4171 4172 4173 4180 4185 4187 4191 4194 4202 4215 4218 4223 4224 4227 4228 4231 4237 4240 4241
3984 3985 3995 4003 4006 4008 4011 4019 4020 4026 4027 4033 4036 4038 4041 4046 4047 4050 4051 4052 4059 4063 4070 4071 4075 4078 4079 4082 4086 4087 4089 4090 4092 4095 4097 4099
3847 3848 3849 3859 3860 3863 3864 3865 3871 3877 3879 3887 3892 3894 3896 3904 3910 3919 3923 3926 3929 3930 3939 3940 3941 3942 3945 3948 3954 3956 3957 3960 3965 3971 3975 3976
3707 3710 3712 3714 3715 3721 3730 3732 3737 3745 3747 3748 3751 3752 3754 3761 3764 3768 3773 3775 3776 3779 3785 3787 3788 3793 3799 3803 3804 3825 3832 3835 3840 3842 3843 3845
3579 3581 3588 3589 3590 3592 3594 3597 3602 3606 3607 3611 3618 3619 3628 3629 3631 3633 3638 3639 3640 3642 3648 3655 3658 3659 3660 3667 3669 3675 3676 3678 3681 3689 3700 3702
3460 3461 3466 3467 3473 3481 3483 3484 3492 3494 3497 3500 3501 3508 3513 3515 3517 3532 3536 3549 3553 3554 3555 3556 3557 3558 3562 3569 3570 3571 3572 3573 3575 3576 3577 3578
3313 3315 3327 3328 3331 3333 3339 3346 3348 3350 3356 3368 3369 3378 3381 3386 3389 3391 3393 3398 3400 3403 3413 3428 3430 3434 3435 3443 3444 3447 3452 3453 3455 3456 3457 3458
3172 3173 3178 3181 3182 3191 3198 3201 3202 3204 3207 3213 3214 3219 3220 3226 3228 3232 3233 3237 3243 3249 3250 3262 3263 3269 3274 3276 3279 3281 3284 3305 3308 3309 3310 3312
3047 3050 3056 3057 3059 3061 3062 3066 3079 3085 3088 3094 3100 3103 3104 3110 3114 3116 3117 3118 3120 3128 3129 3130 3139 3149 3151 3154 3155 3159 3160 3161 3162 3163 3167 3171
2889 2896 2898 2907 2912 2919 2920 2926 2929 2931 2933 2934 2935 2943 2948 2952 2959 2966 2969 2972 2976 2980 2982 2984 2996 3004 3006 3011 3013 3020 3023 3026 3030 3031 3036 3045
2769 2773 2774 2776 2780 2784 2785 2786 2787 2788 2795 2798 2802 2804 2809 2812 2814 2816 2817 2818 2819 2822 2826 2832 2840 2841 2847 2849 2855 2857 2858 2862 2871 2873 2875 2879
2618 2621 2624 2640 2641 2645 2650 2652 2653 2656 2661 2679 2697 2701 2703 2704 2710 2711 2712 2714 2717 2718 2719 2724 2725 2728 2737 2745 2748 2749 2750 2753 2755 2756 2759 2767
2474 2477 2478 2480 2485 2486 2487 2490 2491 2492 2495 2497 2499 2502 2510 2528 2539 2550 2554 2555 2562 2563 2564 2568 2573 2581 2583 2588 2594 2599 2601 2605 2606 2607 2608 2610
2343 2347 2350 2351 2357 2359 2360 2363 2371 2374 2375 2381 2387 2397 2404 2405 2408 2411 2413 2414 2416 2417 2422 2423 2424 2429 2430 2436 2440 2455 2456 2458 2459 2461 2466 2468
2208 2220 2222 2223 2224 2225 2226 2232 2237 2240 2248 2251 2262 2264 2265 2268 2270 2277 2278 2279 2281 2288 2294 2297 2303 2309 2310 2317 2318 2323 2326 2329 2334 2335 2337 2339
2069 2071 2072 2078 2086 2090 2095 2098 2103 2105 2115 2116 2117 2121 2123 2126 2132 2133 2134 2139 2140 2141 2145 2153 2156 2158 2159 2169 2172 2175 2182 2190 2194 2195 2205 2207
1932 1933 1940 1943 1947 1950 1960 1962 1966 1979 1989 1991 1994 1998 1999 2003 2005 2009 2012 2013 2018 2019 2021 2023 2031 2032 2036 2037 2038 2039 2041 2056 2059 2062 2065 2068
1756 1766 1767 1771 1772 1775 1779 1784 1789 1790 1794 1805 1811 1814 1823 1824 1833 1842 1845 1849 1861 1863 1864 1885 1888 1891 1893 1894 1896 1897 1901 1905 1908 1909 1911 1914
1617 1619 1621 1630 1631 1634 1635 1638 1639 1640 1643 1646 1663 1670 1682 1684 1686 1688 1691 1692 1693 1696 1700 1706 1712 1714 1715 1720 1726 1727 1730 1732 1736 1744 1748 1751
1450 1454 1464 1466 1467 1469 1473 1476 1477 1488 1496 1498 1499 1502 1504 1507 1514 1519 1520 1522 1530 1534 1538 1545 1551 1564 1574 1575 1577 1583 1584 1586 1589 1610 1611 1612
1282 1286 1289 1293 1300 1304 1308 1314 1317 1322 1323 1325 1326 1328 1331 1333 1340 1344 1346 1353 1362 1375 1376 1387 1392 1395 1407 1416 1417 1418 1424 1428 1431 1440 1446 1447
1128 1133 1136 1137 1143 1150 1153 1158 1159 1168 1171 1172 1175 1178 1179 1181 1185 1188 1193 1195 1205 1214 1227 1230 1241 1244 1245 1246 1252 1253 1255 1257 1261 1264 1270 1280
989 991 994 1003 1009 1010 1020 1022 1024 1025 1026 1029 1032 1034 1038 1040 1042 1044 1045 1046 1052 1055 1058 1059 1061 1062 1073 1082 1084 1092 1094 1097 1099 1103 1117 1124
855 857 859 863 868 872 890 892 893 895 897 900 902 908 912 920 924 925 927 932 934 935 936 939 940 944 947 950 959 960 966 967 971 972 976 987
713 714 718 719 720 722 724 727 728 732 744 750 753 762 764 766 768 769 771 776 781 783 785 786 789 793 794 795 807 810 814 817 818 825 839 840
558 564 579 581 591 592 594 596 600 604 605 606 610 611 621 625 633 636 639 641 645 646 652 653 662 667 668 669 670 685 686 693 697 698 699 703
393 396 405 409 411 414 427 434 445 446 447 448 450 455 457 458 461 462 473 476 477 486 491 494 496 497 506 507 511 512 517 529 540 549 550 551
254 256 259 267 274 277 280 284 291 295 297 300 307 312 318 319 322 327 328 331 332 333 338 341 343 344 347 348 350 355 358 368 376 377 382 392
102 104 111 112 121 128 133 137 143 144 147 152 155 165 166 167 180 184 186 199 203 205 207 208 209 220 222 224 226 227 228 235 240 244 252 253
6 7 10 11 12 13 16 28 33 36 37 39 44 47 48 49 50 51 56 57 62 65 68 70 71 76 79 80 81 82 89 90 91 93 94 97
