39
8 10 15 16 17 20 21 23 35 39 40 43 47 49 50 53 59 61 69 71 72 73 76 77 79 80 81 89 90 93 95 96 104 109 111 114 119 128 133
134 135 138 141 148 149 153 156 158 159 161 162 166 168 170 174 183 191 196 198 214 218 223 225 229 237 238 240 242 243 246 247 248 252 253 262 275 280 282
283 284 285 289 295 299 304 310 311 312 313 315 317 319 321 327 328 332 336 338 342 347 353 354 358 362 365 368 375 383 388 392 393 394 401 407 411 415 419
421 424 433 435 444 447 452 458 460 465 468 469 470 476 478 483 490 491 497 498 501 506 512 513 515 518 521 522 524 528 535 536 537 538 539 544 546 548 557
563 564 570 571 572 573 574 582 583 589 590 591 597 604 606 614 617 618 621 623 631 632 640 644 646 649 653 657 660 666 669 670 671 672 676 678 680 684 685
686 691 695 697 704 706 707 711 712 716 721 724 727 730 731 733 739 741 742 744 756 762 764 765 768 772 777 779 780 786 787 790 791 792 796 797 799 801 802
804 810 811 812 813 815 817 819 820 827 833 838 839 840 850 855 867 870 871 874 878 886 888 889 893 895 899 901 906 910 919 923 925 932 942 947 948 949 951
961 962 965 970 971 972 974 975 983 994 1000 1001 1003 1004 1006 1009 1013 1023 1024 1025 1031 1035 1042 1044 1047 1050 1052 1054 1058 1059 1063 1064 1065 1070 1074 1077 1084 1091 1097
1099 1104 1107 1108 1118 1124 1126 1144 1145 1146 1153 1155 1159 1167 1168 1181 1185 1186 1188 1190 1191 1199 1204 1209 1219 1226 1227 1228 1229 1231 1239 1244 1248 1251 1252 1254 1258 1261 1263
1267 1282 1286 1288 1290 1291 1294 1297 1299 1300 1301 1303 1308 1312 1313 1318 1320 1331 1332 1336 1340 1342 1346 1347 1354 1355 1356 1357 1361 1362 1364 1370 1375 1376 1379 1382 1383 1385 1387
1391 1392 1393 1394 1395 1401 1402 1408 1411 1414 1416 1420 1423 1426 1428 1430 1438 1444 1445 1446 1448 1449 1451 1463 1468 1475 1480 1481 1485 1487 1489 1490 1497 1503 1505 1512 1513 1521 1523
1524 1529 1531 1532 1535 1540 1547 1548 1549 1556 1560 1564 1568 1573 1574 1577 1578 1579 1580 1583 1584 1588 1600 1605 1607 1608 1609 1612 1614 1616 1618 1620 1625 1629 1630 1634 1640 1643 1644
1647 1649 1651 1653 1654 1659 1660 1661 1664 1674 1675 1676 1678 1680 1682 1685 1686 1687 1696 1697 1698 1705 1707 1709 1710 1712 1713 1732 1733 1736 1737 1739 1740 1741 1744 1748 1749 1750 1752
1759 1760 1764 1765 1767 1777 1781 1783 1785 1786 1791 1793 1805 1807 1809 1814 1816 1824 1825 1829 1830 1839 1843 1853 1863 1866 1873 1874 1878 1882 1884 1887 1888 1889 1890 1893 1894 1896 1906
1907 1908 1912 1932 1933 1935 1937 1938 1944 1945 1948 1950 1951 1964 1966 1967 1969 1970 1971 1972 1976 1978 1984 1985 1986 1990 1994 1998 2004 2013 2018 2021 2026 2028 2030 2031 2036 2042 2044
2045 2046 2050 2057 2061 2063 2066 2068 2069 2070 2076 2080 2082 2083 2086 2087 2094 2098 2104 2110 2112 2113 2114 2115 2126 2127 2128 2129 2130 2148 2149 2152 2154 2156 2159 2161 2164 2166 2168
2171 2172 2176 2179 2180 2182 2185 2187 2188 2192 2193 2195 2197 2198 2200 2207 2211 2218 2219 2232 2234 2235 2250 2252 2256 2257 2258 2262 2266 2271 2274 2281 2285 2286 2287 2292 2293 2296 2297
2301 2312 2313 2321 2322 2330 2336 2338 2341 2342 2345 2347 2351 2352 2354 2355 2358 2359 2364 2367 2373 2375 2376 2383 2386 2389 2390 2392 2394 2395 2396 2398 2404 2407 2412 2413 2417 2420 2422
2423 2429 2432 2439 2440 2441 2444 2450 2460 2465 2467 2468 2470 2471 2472 2479 2482 2487 2489 2490 2491 2495 2498 2499 2501 2503 2504 2516 2517 2519 2521 2523 2530 2531 2538 2544 2545 2550 2555
2558 2559 2569 2580 2582 2583 2584 2587 2588 2604 2606 2614 2615 2616 2619 2621 2624 2625 2627 2628 2636 2642 2646 2648 2649 2656 2659 2660 2661 2666 2668 2669 2671 2672 2673 2682 2683 2686 2689
2690 2698 2701 2703 2704 2705 2709 2712 2717 2718 2720 2723 2728 2729 2732 2734 2744 2745 2746 2749 2764 2768 2772 2774 2781 2782 2784 2785 2797 2801 2802 2805 2809 2810 2812 2813 2816 2817 2822
2825 2827 2828 2830 2831 2832 2842 2844 2845 2846 2847 2848 2852 2853 2856 2858 2861 2862 2865 2875 2876 2878 2879 2881 2884 2888 2889 2892 2897 2899 2900 2901 2909 2911 2912 2915 2920 2921 2923
2931 2932 2933 2935 2946 2948 2949 2954 2955 2957 2961 2962 2965 2966 2971 2973 2975 2977 2980 2981 2984 2986 2988 2992 2995 2998 3000 3004 3005 3009 3014 3015 3019 3023 3026 3027 3028 3032 3035
3036 3037 3040 3044 3046 3049 3055 3056 3059 3060 3061 3063 3068 3074 3076 3086 3089 3090 3091 3097 3100 3101 3103 3107 3108 3110 3113 3116 3128 3140 3141 3142 3148 3150 3152 3154 3155 3157 3159
3165 3169 3170 3171 3174 3175 3183 3188 3189 3190 3194 3197 3201 3202 3204 3212 3217 3218 3220 3221 3222 3224 3227 3228 3231 3234 3237 3248 3249 3250 3252 3253 3255 3257 3260 3265 3269 3271 3273
3276 3277 3278 3282 3283 3284 3287 3288 3292 3293 3295 3298 3302 3311 3313 3317 3319 3322 3323 3324 3336 3337 3341 3342 3347 3348 3350 3352 3353 3356 3359 3360 3365 3366 3368 3371 3372 3373 3377
3380 3383 3386 3387 3389 3395 3399 3402 3407 3408 3412 3418 3419 3423 3425 3427 3429 3436 3439 3440 3443 3444 3448 3449 3453 3464 3465 3467 3469 3472 3474 3476 3477 3485 3486 3487 3488 3489 3493
3496 3497 3498 3503 3513 3523 3525 3534 3535 3537 3542 3543 3544 3545 3548 3550 3553 3554 3556 3563 3565 3566 3575 3581 3582 3591 3592 3593 3602 3603 3604 3607 3610 3612 3616 3621 3624 3625 3626
3631 3634 3637 3641 3650 3660 3662 3664 3670 3672 3674 3675 3679 3687 3693 3696 3698 3699 3700 3713 3714 3715 3722 3726 3727 3729 3731 3732 3740 3741 3742 3743 3745 3747 3752 3755 3764 3767 3768
3769 3772 3776 3777 3781 3784 3789 3790 3792 3795 3798 3802 3805 3807 3808 3812 3815 3817 3819 3821 3822 3824 3831 3837 3840 3844 3846 3848 3851 3857 3862 3864 3867 3871 3873 3877 3884 3885 3886
3889 3892 3893 3898 3902 3917 3919 3921 3925 3927 3928 3930 3932 3935 3939 3943 3949 3952 3957 3959 3966 3968 3969 3970 3972 3973 3977 3988 3989 3992 3997 4002 4004 4005 4007 4008 4011 4012 4016
4022 4023 4026 4027 4035 4037 4039 4043 4045 4046 4048 4052 4054 4055 4056 4057 4058 4064 4067 4069 4070 4073 4074 4078 4080 4086 4094 4106 4108 4110 4112 4115 4116 4121 4122 4124 4126 4127 4129
4130 4138 4139 4143 4147 4153 4156 4157 4158 4172 4183 4185 4194 4195 4196 4202 4205 4213 4216 4219 4220 4221 4223 4224 4225 4229 4234 4235 4245 4246 4250 4256 4259 4262 4263 4264 4268 4270 4271
4272 4273 4275 4276 4277 4278 4280 4284 4293 4295 4296 4299 4304 4307 4314 4316 4317 4320 4323 4330 4332 4335 4339 4341 4344 4345 4347 4348 4350 4351 4352 4355 4357 4359 4360 4364 4370 4371 4381
4382 4385 4389 4392 4395 4396 4400 4402 4405 4414 4416 4421 4426 4433 4435 4437 4439 4456 4457 4459 4463 4464 4469 4472 4479 4485 4493 4494 4495 4498 4500 4501 4503 4504 4506 4507 4508 4509 4515
4517 4522 4524 4530 4535 4536 4538 4539 4541 4543 4546 4556 4564 4565 4573 4576 4580 4582 4584 4586 4591 4592 4595 4600 4601 4607 4608 4610 4613 4621 4626 4627 4628 4630 4634 4635 4638 4639 4641
4642 4647 4650 4651 4653 4656 4657 4659 4660 4661 4662 4667 4669 4671 4677 4680 4700 4704 4706 4708 4714 4715 4717 4718 4721 4723 4724 4726 4727 4728 4729 4730 4735 4739 4744 4751 4752 4755 4756
4757 4758 4768 4769 4770 4783 4788 4790 4793 4796 4797 4802 4803 4804 4805 4807 4809 4810 4812 4813 4824 4826 4827 4831 4834 4836 4838 4842 4843 4851 4853 4854 4856 4863 4871 4872 4874 4875 4877
4878 4887 4890 4893 4894 4896 4899 4901 4904 4905 4908 4910 4914 4921 4925 4930 4932 4933 4936 4941 4946 4952 4953 4956 4957 4959 4960 4963 4964 4968 4970 4974 4979 4982 4987 4992 4993 4994 4995
