50
0 11 13 16 21 22 23 26 28 29 32 38 61 64 70 73 83 91 95 99 100 105 110 118 121 123 127 128 131 146 150 156 157 164 170 179 183 184 190 195 198 199 206 208 214 216 221 231 241 246
248 249 250 253 255 259 264 267 270 272 274 276 277 280 282 284 290 291 292 297 299 302 308 311 314 317 320 321 325 328 329 331 338 340 343 348 350 353 354 362 363 365 369 378 380 382 388 391 392 402
403 404 408 410 413 414 418 421 429 430 437 447 450 466 467 469 474 475 479 484 487 496 497 518 529 534 535 538 544 548 549 553 555 557 561 568 571 572 573 575 578 579 580 582 591 600 602 605 610 620
624 626 630 642 643 651 658 663 668 673 675 677 678 682 693 695 704 705 707 725 726 728 729 738 745 747 750 751 757 762 768 770 776 780 783 787 788 793 795 796 798 809 812 814 819 822 824 825 828 832
841 842 848 850 851 852 854 856 864 868 869 872 878 887 889 892 901 909 911 914 922 946 953 964 977 978 982 987 989 1000 1001 1003 1019 1020 1021 1026 1034 1044 1048 1063 1066 1071 1072 1079 1096 1100 1103 1108 1116 1120
1123 1124 1125 1130 1135 1139 1140 1141 1159 1162 1167 1171 1173 1174 1179 1180 1186 1191 1193 1195 1200 1202 1203 1208 1209 1210 1220 1224 1225 1232 1236 1237 1241 1243 1245 1246 1247 1249 1251 1261 1264 1267 1271 1277 1289 1291 1297 1302 1310 1312
1316 1319 1320 1322 1328 1329 1334 1339 1342 1348 1353 1357 1358 1363 1364 1365 1366 1367 1369 1375 1378 1387 1396 1415 1418 1420 1423 1428 1431 1432 1440 1441 1460 1462 1464 1466 1469 1471 1472 1473 1478 1480 1484 1489 1493 1503 1506 1507 1508 1510
1511 1513 1516 1518 1523 1525 1528 1529 1530 1531 1533 1542 1545 1548 1549 1557 1568 1569 1576 1580 1589 1590 1596 1600 1602 1612 1613 1614 1615 1616 1627 1631 1643 1646 1655 1656 1666 1670 1673 1674 1680 1681 1687 1689 1694 1700 1701 1711 1713 1715
1716 1717 1719 1731 1732 1733 1736 1741 1742 1747 1748 1753 1756 1757 1763 1765 1769 1770 1781 1786 1797 1799 1801 1807 1812 1816 1827 1829 1831 1836 1840 1845 1849 1855 1865 1871 1873 1882 1883 1886 1887 1895 1900 1902 1903 1912 1918 1919 1920 1922
1923 1927 1932 1936 1939 1943 1946 1948 1949 1953 1957 1959 1960 1961 1981 1991 1992 1994 2001 2007 2010 2018 2019 2020 2030 2039 2042 2043 2047 2050 2051 2052 2059 2060 2065 2067 2074 2088 2091 2097 2098 2102 2104 2105 2108 2114 2119 2121 2124 2138
2145 2151 2156 2157 2161 2164 2166 2167 2169 2171 2176 2177 2187 2193 2194 2195 2206 2207 2208 2209 2210 2215 2222 2227 2230 2233 2234 2235 2238 2242 2244 2252 2255 2258 2260 2271 2278 2290 2291 2300 2301 2307 2310 2311 2312 2314 2316 2318 2326 2332
2334 2335 2342 2346 2359 2363 2368 2371 2373 2375 2378 2392 2397 2400 2406 2408 2409 2415 2416 2422 2425 2438 2445 2447 2450 2462 2464 2468 2470 2484 2489 2493 2496 2504 2508 2509 2514 2517 2519 2523 2528 2530 2531 2532 2544 2546 2547 2549 2556 2558
2562 2565 2571 2573 2601 2603 2604 2611 2616 2618 2619 2620 2625 2627 2630 2639 2643 2644 2645 2647 2653 2663 2665 2676 2677 2679 2693 2696 2698 2700 2701 2705 2706 2709 2713 2719 2721 2722 2725 2731 2740 2745 2746 2747 2750 2755 2763 2765 2778 2781
2783 2784 2787 2797 2804 2806 2808 2814 2820 2821 2822 2823 2828 2829 2831 2835 2843 2844 2845 2852 2855 2859 2873 2875 2878 2879 2888 2891 2895 2907 2909 2910 2911 2916 2925 2928 2931 2932 2934 2936 2940 2941 2944 2949 2953 2957 2972 2976 2979 2985
2993 2998 3000 3001 3004 3005 3007 3016 3017 3024 3026 3027 3038 3042 3043 3050 3052 3053 3057 3058 3063 3069 3072 3082 3085 3087 3088 3098 3100 3104 3109 3111 3116 3130 3141 3144 3145 3150 3157 3164 3169 3177 3178 3180 3181 3185 3188 3189 3198 3202
3203 3204 3215 3217 3225 3226 3227 3231 3238 3239 3242 3246 3247 3253 3255 3257 3258 3261 3266 3267 3271 3272 3280 3282 3300 3301 3304 3306 3308 3313 3318 3326 3334 3341 3342 3344 3346 3347 3350 3353 3356 3357 3361 3362 3366 3369 3377 3379 3382 3394
3401 3404 3405 3406 3407 3408 3412 3417 3419 3421 3432 3435 3441 3442 3443 3446 3448 3450 3451 3452 3458 3465 3469 3472 3474 3477 3482 3494 3501 3504 3506 3513 3515 3518 3522 3533 3534 3536 3542 3546 3547 3555 3556 3559 3560 3561 3565 3566 3567 3573
3576 3577 3578 3592 3596 3598 3600 3601 3606 3608 3610 3611 3627 3628 3632 3634 3636 3637 3638 3639 3642 3644 3645 3648 3652 3654 3658 3659 3663 3668 3679 3682 3685 3689 3693 3699 3705 3707 3721 3723 3726 3728 3731 3732 3734 3739 3743 3747 3749 3750
3751 3753 3755 3758 3768 3774 3778 3780 3781 3784 3786 3788 3797 3798 3803 3804 3805 3814 3823 3831 3835 3836 3844 3847 3848 3853 3855 3859 3864 3865 3866 3867 3869 3872 3876 3879 3886 3891 3898 3902 3909 3910 3915 3917 3927 3930 3932 3938 3948 3950
3959 3964 3971 3972 3973 3976 3982 3983 3991 3998 3999 4001 4009 4010 4014 4016 4018 4029 4030 4032 4037 4041 4042 4043 4048 4051 4052 4053 4056 4059 4060 4064 4070 4077 4079 4085 4088 4089 4091 4095 4097 4099 4105 4107 4110 4119 4120 4130 4139 4143
4151 4153 4156 4158 4161 4168 4170 4171 4178 4181 4191 4204 4209 4231 4232 4238 4246 4252 4257 4261 4262 4263 4271 4272 4275 4277 4281 4287 4289 4294 4295 4299 4303 4307 4316 4318 4320 4326 4327 4328 4329 4333 4336 4342 4349 4352 4356 4358 4360 4363
4368 4376 4378 4384 4386 4388 4389 4391 4400 4403 4406 4411 4418 4420 4428 4431 4435 4438 4442 4447 4451 4458 4460 4462 4468 4473 4475 4478 4483 4485 4491 4493 4499 4503 4509 4512 4513 4515 4516 4519 4521 4522 4524 4525 4526 4534 4536 4537 4540 4541
4543 4553 4556 4561 4565 4578 4579 4582 4585 4600 4604 4605 4606 4608 4610 4623 4624 4625 4630 4633 4634 4637 4639 4640 4642 4643 4648 4654 4661 4666 4668 4677 4679 4680 4682 4686 4693 4696 4699 4708 4710 4711 4712 4717 4728 4729 4731 4738 4742 4745
4754 4757 4761 4764 4769 4775 4779 4782 4788 4789 4791 4793 4800 4807 4808 4810 4817 4822 4823 4827 4828 4831 4832 4834 4842 4843 4845 4857 4858 4861 4864 4865 4867 4869 4874 4877 4883 4889 4891 4895 4903 4906 4912 4916 4926 4928 4929 4934 4935 4937
4956 4963 4964 4967 4971 4972 4978 4979 4980 4981 4986 4987 4989 4991 4993 4994 4996 5007 5010 5016 5018 5019 5021 5022 5023 5028 5029 5033 5037 5040 5041 5047 5049 5053 5054 5055 5066 5074 5077 5083 5090 5094 5103 5114 5119 5123 5124 5127 5132 5134
5143 5145 5151 5156 5160 5161 5162 5164 5167 5179 5185 5194 5195 5202 5205 5206 5215 5219 5220 5224 5234 5235 5236 5237 5239 5240 5242 5243 5257 5260 5261 5264 5266 5269 5277 5281 5287 5291 5295 5299 5300 5302 5311 5324 5328 5329 5333 5335 5336 5341
5347 5354 5357 5362 5365 5372 5383 5384 5386 5387 5404 5412 5414 5415 5417 5420 5423 5425 5426 5427 5431 5441 5452 5466 5467 5471 5492 5501 5504 5510 5518 5521 5529 5530 5532 5536 5538 5541 5548 5551 5558 5562 5563 5566 5573 5576 5578 5579 5585 5587
5588 5592 5593 5599 5604 5606 5607 5611 5616 5618 5623 5625 5628 5640 5641 5644 5649 5652 5657 5658 5662 5665 5666 5677 5680 5681 5684 5689 5694 5699 5701 5708 5711 5713 5717 5718 5719 5724 5725 5727 5733 5740 5741 5742 5747 5751 5752 5753 5757 5759
5762 5765 5766 5768 5770 5771 5772 5773 5774 5789 5799 5808 5816 5822 5827 5831 5834 5841 5843 5844 5847 5853 5855 5858 5863 5873 5874 5884 5886 5887 5889 5891 5893 5897 5899 5907 5909 5912 5921 5923 5931 5937 5939 5942 5945 5948 5952 5954 5956 5961
5973 5974 5975 5980 5982 5985 5992 5995 5999 6000 6002 6005 6012 6018 6023 6027 6029 6030 6031 6033 6041 6044 6045 6046 6047 6048 6050 6051 6053 6055 6056 6058 6061 6062 6064 6065 6071 6076 6078 6079 6087 6093 6096 6097 6098 6099 6107 6113 6123 6131
6138 6140 6148 6150 6152 6155 6157 6159 6160 6164 6168 6171 6178 6183 6184 6187 6192 6198 6200 6203 6210 6214 6217 6218 6220 6226 6231 6233 6237 6242 6244 6245 6247 6253 6259 6261 6262 6263 6265 6271 6272 6275 6284 6285 6291 6297 6299 6301 6302 6305
6306 6307 6308 6311 6313 6315 6318 6325 6332 6334 6336 6344 6348 6356 6358 6359 6363 6364 6365 6376 6378 6379 6380 6381 6383 6384 6391 6392 6395 6398 6402 6406 6410 6411 6415 6418 6419 6422 6423 6425 6426 6437 6438 6442 6443 6444 6447 6448 6453 6455
6456 6459 6467 6468 6471 6472 6473 6475 6477 6489 6490 6491 6492 6493 6495 6496 6499 6503 6506 6507 6509 6519 6521 6525 6529 6541 6548 6558 6559 6561 6563 6565 6581 6585 6592 6594 6599 6623 6625 6627 6628 6632 6634 6643 6646 6648 6650 6653 6659 6660
6662 6665 6668 6669 6674 6675 6677 6680 6681 6686 6690 6694 6696 6699 6700 6702 6704 6708 6713 6719 6720 6723 6726 6728 6730 6745 6750 6753 6761 6762 6763 6767 6769 6771 6778 6784 6785 6798 6811 6812 6813 6814 6821 6822 6824 6828 6829 6833 6835 6836
6837 6838 6839 6841 6843 6844 6852 6859 6860 6866 6876 6879 6887 6888 6891 6901 6903 6905 6912 6920 6928 6936 6940 6941 6942 6943 6953 6958 6969 6974 6975 6978 6982 6984 6985 6989 6997 6999 7001 7003 7005 7010 7014 7021 7022 7029 7035 7036 7039 7040
7043 7047 7048 7052 7057 7058 7072 7076 7079 7082 7085 7088 7093 7096 7098 7104 7106 7107 7113 7116 7133 7134 7136 7142 7148 7151 7162 7163 7167 7174 7179 7180 7181 7182 7187 7191 7194 7196 7201 7205 7214 7216 7224 7229 7232 7235 7237 7239 7243 7248
7253 7259 7261 7263 7269 7270 7287 7290 7291 7297 7302 7303 7304 7312 7313 7316 7320 7321 7325 7335 7336 7344 7347 7356 7362 7365 7366 7370 7372 7383 7386 7392 7394 7395 7398 7402 7403 7405 7407 7417 7420 7422 7427 7428 7429 7433 7434 7439 7441 7442
7450 7451 7460 7463 7471 7479 7483 7485 7496 7500 7501 7503 7505 7510 7520 7524 7531 7532 7533 7536 7541 7546 7549 7551 7552 7555 7557 7573 7576 7579 7587 7591 7600 7602 7603 7609 7611 7614 7617 7621 7636 7640 7644 7651 7654 7655 7656 7657 7660 7670
7671 7675 7683 7685 7692 7693 7697 7699 7710 7711 7714 7716 7722 7729 7733 7736 7737 7740 7742 7748 7750 7754 7759 7760 7764 7765 7766 7767 7768 7773 7775 7777 7783 7784 7789 7792 7797 7804 7805 7811 7813 7820 7821 7822 7823 7832 7833 7836 7837 7839
7842 7849 7851 7853 7855 7856 7859 7870 7873 7875 7877 7890 7896 7898 7903 7912 7914 7920 7921 7929 7932 7944 7950 7955 7962 7964 7966 7970 7971 7975 7989 7991 7997 7998 8003 8004 8011 8014 8017 8025 8026 8030 8036 8040 8041 8042 8044 8049 8052 8055
8056 8060 8064 8066 8067 8076 8079 8080 8085 8086 8088 8092 8093 8094 8095 8096 8102 8105 8106 8113 8120 8128 8131 8134 8137 8141 8143 8144 8147 8149 8154 8160 8163 8175 8177 8187 8196 8213 8216 8221 8224 8226 8227 8229 8230 8236 8237 8256 8258 8264
8265 8266 8282 8285 8288 8294 8295 8299 8314 8315 8317 8319 8323 8326 8331 8333 8335 8339 8349 8353 8357 8358 8365 8369 8375 8378 8379 8392 8394 8395 8397 8399 8401 8403 8415 8416 8424 8425 8426 8432 8436 8438 8443 8444 8445 8446 8451 8452 8455 8463
8466 8470 8471 8479 8483 8484 8493 8504 8505 8515 8516 8519 8520 8523 8526 8528 8534 8537 8543 8546 8548 8549 8551 8556 8562 8566 8568 8570 8576 8595 8600 8603 8605 8608 8609 8610 8613 8621 8626 8629 8631 8633 8635 8640 8642 8644 8655 8656 8658 8659
8662 8667 8669 8677 8680 8681 8682 8688 8691 8698 8699 8706 8713 8715 8717 8721 8722 8724 8735 8739 8740 8743 8745 8746 8750 8751 8754 8755 8759 8766 8767 8770 8777 8781 8782 8783 8790 8791 8793 8797 8798 8801 8802 8808 8811 8815 8816 8818 8819 8821
8829 8832 8833 8834 8835 8837 8841 8845 8847 8850 8856 8857 8866 8868 8869 8871 8872 8875 8879 8880 8895 8898 8907 8908 8910 8911 8913 8918 8919 8921 8923 8926 8927 8932 8933 8934 8936 8940 8951 8960 8962 8965 8976 8977 8986 8988 8990 8995 8999 9014
9015 9018 9020 9027 9030 9031 9043 9053 9058 9069 9075 9084 9086 9087 9092 9099 9103 9104 9110 9111 9120 9123 9124 9127 9130 9131 9133 9140 9141 9143 9150 9153 9154 9160 9161 9162 9167 9172 9175 9176 9178 9181 9184 9189 9196 9198 9208 9216 9218 9220
9223 9224 9236 9240 9247 9248 9251 9256 9257 9259 9263 9269 9270 9271 9278 9279 9281 9285 9286 9287 9289 9290 9304 9309 9310 9312 9315 9318 9319 9323 9325 9326 9329 9330 9334 9335 9337 9339 9353 9355 9356 9359 9361 9362 9363 9364 9365 9369 9370 9375
9376 9380 9381 9397 9398 9402 9410 9417 9418 9419 9423 9427 9432 9437 9444 9446 9447 9451 9457 9458 9466 9469 9475 9476 9486 9491 9495 9498 9499 9504 9506 9516 9522 9532 9534 9537 9539 9542 9547 9550 9554 9559 9560 9564 9571 9573 9581 9583 9587 9594
9598 9610 9611 9617 9618 9619 9626 9628 9633 9635 9638 9639 9640 9647 9650 9652 9653 9669 9670 9673 9678 9683 9686 9693 9699 9708 9710 9715 9718 9721 9730 9735 9744 9745 9750 9753 9761 9766 9769 9771 9772 9773 9780 9783 9790 9796 9800 9802 9809 9812
9819 9820 9828 9830 9835 9837 9839 9843 9848 9850 9852 9859 9862 9865 9867 9868 9874 9883 9884 9885 9888 9890 9891 9892 9902 9907 9909 9912 9913 9914 9925 9932 9935 9941 9942 9943 9946 9953 9954 9955 9956 9957 9959 9960 9965 9982 9988 9989 9996 9998
