50
213 393 588 792 981 1170 1353 1565 1727 1947 2111 2357 2559 2782 3002 3164 3364 3574 3777 3964 4142 4340 4524 4713 4946 5178 5346 5582 5807 5978 6210 6397 6576 6789 7008 7262 7475 7642 7847 8037 8231 8414 8604 8806 9015 9221 9407 9573 9772 9999
192 386 579 791 979 1154 1352 1549 1725 1946 2110 2350 2558 2779 2998 3162 3347 3561 3775 3960 4138 4333 4523 4712 4945 5168 5345 5581 5805 5977 6208 6396 6573 6788 7006 7254 7474 7640 7842 8036 8224 8413 8603 8803 9008 9219 9405 9572 9768 9997
188 380 578 784 970 1143 1350 1540 1723 1943 2109 2342 2553 2778 2994 3158 3341 3556 3774 3958 4135 4332 4520 4711 4942 5162 5341 5579 5803 5975 6205 6390 6572 6786 7005 7251 7471 7637 7841 8034 8210 8410 8600 8800 9004 9213 9398 9568 9766 9994
176 379 575 783 966 1141 1334 1533 1721 1936 2107 2340 2543 2777 2989 3152 3337 3554 3772 3957 4134 4320 4519 4710 4936 5160 5340 5572 5801 5974 6202 6385 6571 6785 7003 7247 7467 7636 7836 8032 8200 8409 8595 8798 9002 9210 9395 9567 9763 9992
173 375 573 778 952 1140 1332 1528 1720 1935 2106 2339 2538 2775 2986 3150 3330 3546 3769 3955 4132 4318 4517 4706 4921 5158 5330 5567 5787 5973 6195 6381 6566 6784 7002 7243 7458 7635 7832 8026 8188 8406 8593 8796 8990 9209 9393 9564 9761 9990
170 374 572 777 951 1135 1330 1526 1718 1930 2105 2337 2534 2774 2973 3145 3329 3545 3761 3954 4125 4313 4512 4704 4912 5157 5327 5559 5775 5969 6192 6379 6564 6774 6994 7234 7457 7632 7827 8020 8187 8404 8592 8790 8985 9200 9391 9563 9760 9968
156 372 570 775 945 1132 1317 1517 1717 1926 2098 2336 2531 2769 2970 3144 3328 3543 3760 3945 4122 4308 4499 4703 4910 5153 5324 5555 5773 5963 6187 6378 6563 6773 6990 7229 7456 7630 7821 8014 8182 8396 8590 8780 8979 9196 9384 9560 9757 9967
153 370 562 774 941 1128 1311 1515 1711 1925 2084 2328 2528 2763 2965 3143 3322 3541 3758 3943 4121 4307 4498 4698 4908 5149 5323 5550 5764 5961 6181 6374 6562 6771 6988 7217 7455 7629 7820 8011 8180 8395 8586 8774 8978 9183 9381 9552 9756 9963
152 368 559 772 939 1125 1304 1507 1710 1917 2080 2316 2523 2762 2962 3142 3319 3533 3731 3942 4116 4304 4494 4694 4907 5143 5320 5549 5761 5960 6177 6372 6561 6769 6987 7215 7452 7628 7816 8008 8179 8386 8585 8770 8973 9179 9379 9547 9749 9956
148 364 555 771 938 1121 1301 1503 1708 1904 2075 2313 2521 2760 2960 3140 3318 3532 3730 3941 4109 4302 4489 4688 4906 5135 5319 5537 5759 5959 6175 6368 6560 6768 6986 7212 7451 7624 7812 8002 8176 8375 8582 8767 8972 9176 9377 9546 9743 9954
141 355 552 769 932 1117 1300 1501 1697 1900 2074 2304 2520 2759 2959 3137 3317 3519 3724 3937 4108 4297 4488 4687 4903 5130 5317 5536 5758 5952 6170 6361 6558 6765 6982 7205 7450 7623 7810 7998 8175 8374 8575 8766 8963 9175 9374 9543 9742 9952
137 354 544 767 929 1116 1299 1500 1690 1894 2070 2301 2516 2758 2957 3132 3315 3514 3719 3930 4104 4287 4486 4685 4899 5126 5311 5533 5751 5951 6168 6360 6553 6763 6971 7204 7447 7622 7806 7988 8169 8371 8569 8764 8952 9170 9373 9542 9740 9947
134 353 543 766 923 1114 1294 1497 1682 1891 2066 2291 2508 2754 2952 3130 3312 3508 3715 3920 4100 4286 4483 4682 4893 5124 5308 5529 5748 5949 6161 6357 6537 6762 6969 7201 7444 7617 7797 7987 8165 8367 8567 8760 8940 9167 9366 9541 9733 9944
130 343 530 765 916 1112 1291 1494 1676 1889 2065 2290 2502 2749 2950 3129 3309 3503 3711 3919 4099 4278 4481 4681 4891 5119 5306 5518 5745 5937 6159 6355 6536 6756 6967 7186 7443 7610 7795 7983 8164 8366 8566 8758 8935 9162 9365 9538 9724 9943
127 342 523 762 913 1108 1290 1492 1674 1886 2062 2285 2492 2736 2947 3111 3307 3499 3708 3917 4097 4277 4479 4677 4890 5113 5293 5513 5742 5935 6151 6349 6529 6754 6961 7184 7434 7604 7793 7981 8158 8359 8565 8751 8928 9153 9362 9537 9721 9940
124 333 521 760 909 1105 1287 1491 1671 1884 2058 2282 2491 2725 2942 3109 3305 3496 3706 3916 4096 4274 4477 4666 4885 5109 5288 5512 5740 5932 6150 6342 6525 6746 6946 7172 7415 7601 7790 7980 8153 8358 8556 8744 8926 9152 9353 9530 9717 9937
122 331 520 754 908 1103 1272 1487 1668 1882 2055 2279 2489 2716 2939 3108 3301 3495 3705 3914 4094 4271 4476 4662 4881 5108 5285 5506 5734 5929 6149 6337 6520 6745 6944 7170 7413 7599 7787 7978 8148 8351 8552 8741 8925 9151 9348 9524 9714 9934
121 330 516 743 904 1102 1268 1485 1666 1881 2053 2274 2486 2711 2933 3106 3299 3491 3702 3912 4092 4270 4471 4661 4876 5107 5280 5505 5733 5928 6144 6320 6514 6726 6940 7167 7409 7596 7786 7974 8140 8348 8549 8738 8916 9145 9341 9523 9711 9932
119 327 515 740 894 1100 1265 1480 1664 1880 2051 2272 2483 2703 2930 3105 3298 3490 3700 3910 4090 4269 4469 4660 4869 5101 5278 5500 5730 5926 6140 6311 6513 6725 6927 7165 7399 7588 7782 7973 8136 8345 8538 8731 8913 9140 9334 9514 9708 9922
116 324 511 738 892 1097 1263 1477 1659 1879 2047 2271 2478 2686 2924 3103 3286 3476 3698 3909 4079 4266 4468 4658 4867 5097 5275 5494 5728 5920 6135 6309 6493 6722 6917 7151 7389 7583 7779 7970 8134 8344 8536 8730 8908 9139 9332 9513 9703 9919
115 323 505 726 889 1096 1256 1474 1658 1878 2042 2263 2473 2683 2920 3101 3283 3470 3692 3893 4077 4262 4466 4656 4864 5095 5265 5492 5724 5919 6131 6308 6487 6714 6913 7150 7377 7582 7776 7965 8131 8343 8534 8716 8904 9137 9330 9512 9701 9918
109 320 504 725 888 1094 1255 1466 1657 1871 2038 2260 2472 2680 2913 3100 3277 3469 3689 3890 4076 4260 4457 4649 4863 5094 5264 5484 5723 5916 6129 6305 6484 6708 6903 7144 7376 7577 7771 7958 8127 8342 8532 8715 8903 9136 9328 9510 9695 9908
106 315 500 715 886 1086 1254 1464 1656 1865 2037 2252 2470 2677 2904 3099 3273 3466 3688 3887 4068 4257 4448 4645 4861 5082 5262 5481 5719 5915 6111 6302 6483 6703 6902 7131 7363 7565 7765 7957 8125 8339 8527 8714 8897 9132 9321 9503 9691 9904
101 312 494 714 885 1083 1252 1462 1655 1862 2035 2247 2469 2668 2903 3093 3269 3465 3686 3877 4067 4253 4440 4637 4851 5081 5253 5479 5713 5914 6101 6301 6481 6702 6899 7129 7358 7563 7758 7956 8122 8338 8526 8708 8888 9126 9314 9499 9687 9901
97 311 493 713 880 1080 1251 1459 1651 1858 2034 2242 2467 2664 2900 3089 3265 3464 3683 3873 4065 4250 4439 4634 4850 5077 5247 5471 5710 5909 6099 6300 6480 6692 6894 7128 7357 7562 7756 7954 8120 8337 8518 8697 8884 9121 9312 9496 9686 9897
92 309 490 708 878 1073 1246 1457 1649 1853 2033 2240 2463 2655 2894 3085 3254 3462 3665 3866 4062 4243 4436 4633 4842 5075 5245 5470 5705 5899 6093 6297 6479 6686 6891 7117 7350 7556 7753 7946 8118 8336 8512 8694 8874 9115 9309 9490 9684 9883
90 302 488 707 876 1068 1244 1452 1647 1849 2032 2239 2461 2651 2890 3080 3253 3452 3662 3865 4061 4237 4433 4617 4840 5073 5244 5466 5704 5897 6092 6289 6478 6685 6887 7114 7342 7555 7752 7944 8115 8333 8506 8693 8862 9111 9307 9478 9683 9878
84 298 482 695 874 1067 1243 1447 1646 1841 2028 2235 2458 2645 2885 3076 3250 3451 3659 3862 4057 4230 4432 4608 4837 5068 5243 5465 5696 5896 6089 6282 6476 6674 6883 7109 7339 7550 7738 7939 8113 8331 8504 8690 8860 9108 9306 9469 9674 9871
74 296 472 694 873 1065 1241 1441 1645 1824 2022 2234 2457 2644 2878 3072 3246 3449 3658 3861 4056 4228 4430 4604 4825 5067 5239 5463 5685 5891 6088 6280 6470 6673 6879 7101 7328 7549 7733 7935 8112 8322 8498 8688 8859 9106 9305 9468 9671 9867
72 290 471 693 872 1059 1238 1439 1635 1822 2021 2228 2456 2638 2871 3064 3245 3442 3653 3859 4037 4222 4422 4602 4822 5053 5236 5461 5678 5888 6083 6279 6467 6660 6872 7098 7327 7548 7730 7934 8106 8301 8497 8682 8858 9103 9303 9463 9670 9866
69 288 470 688 868 1057 1236 1437 1634 1818 2012 2226 2438 2636 2866 3062 3240 3439 3651 3853 4035 4221 4410 4601 4815 5051 5235 5457 5670 5887 6079 6277 6465 6658 6871 7096 7324 7547 7725 7927 8104 8300 8495 8680 8855 9097 9298 9456 9669 9865
64 287 461 685 864 1055 1233 1436 1632 1816 2010 2225 2427 2633 2865 3059 3238 3429 3648 3851 4030 4216 4403 4598 4809 5050 5231 5453 5662 5878 6077 6276 6460 6651 6861 7094 7323 7538 7724 7920 8101 8295 8494 8675 8853 9092 9295 9454 9668 9864
63 275 457 683 863 1054 1230 1431 1627 1813 2009 2222 2426 2631 2864 3057 3236 3426 3647 3850 4023 4207 4401 4594 4807 5040 5226 5450 5659 5873 6076 6273 6455 6645 6856 7092 7320 7537 7722 7919 8100 8294 8490 8674 8852 9091 9286 9453 9664 9860
59 272 455 680 862 1046 1229 1423 1624 1807 2006 2217 2423 2630 2857 3055 3224 3424 3645 3849 4020 4204 4400 4593 4802 5039 5223 5448 5657 5872 6071 6271 6452 6644 6853 7091 7319 7533 7721 7917 8089 8285 8479 8670 8850 9090 9280 9451 9645 9854
56 270 446 677 861 1045 1227 1417 1616 1802 2000 2216 2416 2629 2855 3050 3221 3423 3639 3843 4016 4195 4395 4588 4798 5027 5219 5446 5645 5870 6067 6262 6447 6640 6851 7090 7318 7529 7712 7915 8085 8283 8471 8665 8847 9085 9273 9450 9641 9850
50 268 434 673 851 1039 1222 1416 1615 1801 1999 2215 2415 2627 2852 3048 3219 3418 3638 3842 4015 4194 4394 4583 4793 5026 5212 5440 5642 5868 6064 6255 6445 6635 6847 7088 7315 7523 7711 7913 8084 8282 8470 8663 8846 9084 9270 9447 9634 9849
47 266 433 671 848 1035 1221 1415 1610 1799 1992 2208 2409 2625 2850 3046 3210 3412 3632 3841 4014 4190 4389 4580 4788 5025 5208 5434 5640 5866 6052 6253 6444 6632 6845 7074 7314 7521 7708 7908 8083 8279 8469 8657 8845 9083 9269 9446 9632 9842
46 255 432 666 845 1034 1214 1409 1604 1788 1991 2207 2406 2620 2848 3043 3205 3411 3625 3840 4012 4186 4378 4570 4787 5016 5207 5424 5639 5864 6036 6249 6441 6631 6843 7073 7306 7519 7705 7902 8081 8274 8468 8655 8844 9082 9263 9445 9623 9829
45 254 431 662 832 1032 1213 1405 1593 1783 1989 2206 2400 2613 2837 3041 3197 3410 3624 3837 4003 4184 4377 4569 4777 5012 5201 5420 5636 5861 6031 6248 6439 6626 6838 7067 7303 7516 7703 7897 8080 8267 8455 8648 8843 9078 9260 9444 9621 9828
42 251 428 660 831 1026 1210 1400 1591 1781 1988 2190 2395 2612 2832 3034 3196 3404 3623 3835 4000 4183 4373 4567 4773 5008 5200 5417 5628 5852 6020 6243 6433 6621 6832 7062 7301 7515 7702 7890 8078 8265 8451 8640 8838 9077 9258 9443 9619 9826
41 247 426 642 830 1025 1209 1399 1589 1775 1987 2180 2390 2605 2831 3033 3193 3400 3622 3834 3999 4182 4370 4561 4772 5007 5198 5412 5627 5843 6018 6240 6430 6616 6828 7057 7300 7507 7701 7888 8067 8264 8448 8639 8832 9072 9256 9442 9616 9817
34 244 423 634 828 1024 1201 1392 1587 1768 1981 2177 2389 2600 2829 3030 3191 3396 3621 3831 3997 4177 4367 4559 4767 4999 5197 5406 5621 5839 6015 6239 6429 6611 6827 7056 7297 7506 7692 7881 8063 8263 8442 8638 8831 9068 9255 9441 9615 9814
27 239 418 633 826 1023 1197 1388 1584 1762 1980 2176 2387 2599 2817 3029 3190 3395 3614 3825 3995 4174 4361 4556 4765 4982 5196 5388 5615 5833 6013 6232 6424 6605 6824 7051 7295 7505 7686 7878 8061 8262 8441 8628 8830 9059 9245 9440 9614 9808
26 236 415 632 825 1016 1191 1386 1581 1754 1979 2166 2386 2597 2813 3027 3188 3394 3612 3824 3990 4173 4360 4554 4756 4977 5192 5365 5610 5830 6007 6229 6422 6600 6816 7042 7294 7504 7683 7877 8059 8261 8440 8624 8824 9044 9244 9437 9610 9807
24 234 413 628 813 1010 1190 1384 1580 1748 1978 2154 2379 2594 2812 3026 3182 3390 3610 3821 3983 4172 4358 4542 4755 4971 5191 5361 5609 5829 6006 6222 6421 6593 6811 7039 7283 7501 7681 7872 8058 8247 8435 8614 8823 9040 9240 9431 9607 9803
22 231 412 627 812 1006 1187 1372 1578 1738 1976 2150 2378 2593 2810 3023 3181 3385 3609 3812 3979 4167 4352 4540 4750 4966 5188 5360 5608 5828 6001 6220 6419 6590 6806 7029 7281 7498 7670 7866 8057 8244 8433 8613 8818 9038 9239 9420 9603 9802
20 226 411 623 808 1000 1185 1371 1577 1737 1967 2138 2375 2586 2806 3021 3175 3382 3603 3807 3977 4165 4345 4538 4748 4963 5187 5359 5597 5825 5999 6218 6415 6587 6803 7017 7280 7495 7666 7864 8054 8243 8430 8612 8814 9035 9233 9414 9602 9794
19 223 409 620 804 997 1184 1364 1576 1736 1965 2120 2365 2582 2798 3018 3174 3379 3593 3805 3976 4161 4344 4532 4719 4958 5186 5357 5596 5820 5991 6217 6414 6586 6799 7016 7273 7486 7658 7863 8049 8239 8429 8611 8812 9026 9231 9413 9597 9793
16 220 407 603 800 990 1176 1361 1575 1733 1961 2118 2363 2575 2796 3016 3172 3367 3582 3802 3971 4147 4343 4531 4716 4954 5181 5351 5592 5815 5988 6216 6408 6585 6797 7013 7272 7485 7653 7853 8042 8237 8421 8608 8811 9020 9225 9412 9593 9790
10 215 406 600 797 982 1171 1360 1571 1730 1956 2114 2362 2560 2790 3015 3171 3366 3577 3782 3965 4145 4342 4530 4714 4949 5179 5348 5587 5812 5982 6211 6402 6581 6790 7012 7263 7480 7649 7852 8038 8235 8415 8606 8807 9016 9222 9411 9590 9784
