50
169 167 162 160 159 154 149 143 142 138 132 127 125 124 117 116 114 111 110 109 104 99 94 89 87 85 83 82 80 75 70 69 67 64 57 56 51 49 41 33 32 30 28 27 24 18 16 14 6 3
394 389 388 387 384 367 362 361 357 353 347 345 340 332 326 321 312 305 304 303 297 296 295 282 266 263 251 250 245 235 233 230 227 225 221 218 213 210 209 206 199 196 195 194 193 192 187 185 176 174
569 567 558 557 553 552 548 545 544 543 530 526 525 524 523 519 514 513 510 506 502 497 491 490 487 484 482 481 480 477 476 474 464 457 454 451 445 439 436 435 428 426 425 420 418 416 412 409 404 401
763 760 754 752 749 743 742 738 737 735 730 726 719 718 716 714 709 708 698 693 687 679 677 672 669 664 658 654 653 648 642 637 635 632 630 625 623 620 611 607 601 600 592 591 590 587 586 585 578 570
963 957 955 950 939 934 933 929 928 926 924 922 912 909 906 902 901 896 895 891 885 883 881 873 866 865 855 849 845 842 828 827 826 814 811 810 808 806 805 802 796 793 790 789 788 785 783 776 774 768
1156 1149 1142 1140 1138 1137 1136 1133 1126 1124 1123 1121 1116 1111 1109 1090 1086 1085 1074 1068 1066 1064 1061 1059 1055 1053 1050 1049 1039 1031 1029 1028 1027 1018 1015 1014 1011 1001 1000 999 991 988 983 979 975 972 971 969 965 964
1360 1356 1355 1352 1351 1349 1344 1339 1338 1333 1331 1329 1322 1316 1314 1312 1310 1309 1307 1305 1304 1302 1300 1287 1284 1283 1282 1280 1276 1259 1258 1250 1246 1243 1241 1237 1235 1225 1223 1220 1217 1198 1195 1191 1188 1183 1178 1164 1159 1158
1610 1608 1604 1603 1591 1581 1578 1576 1570 1567 1563 1556 1551 1550 1545 1544 1541 1539 1534 1531 1528 1513 1510 1506 1505 1494 1493 1483 1482 1470 1469 1467 1462 1456 1453 1451 1439 1435 1433 1427 1424 1418 1415 1414 1402 1388 1382 1376 1371 1370
1802 1799 1798 1794 1791 1790 1786 1784 1783 1777 1774 1772 1771 1767 1764 1763 1759 1757 1754 1742 1740 1736 1734 1726 1721 1716 1710 1706 1704 1698 1697 1696 1686 1684 1679 1667 1664 1660 1652 1651 1645 1643 1641 1640 1637 1636 1631 1628 1621 1616
1976 1969 1964 1962 1961 1958 1957 1953 1952 1948 1943 1942 1934 1925 1921 1916 1911 1905 1902 1897 1895 1892 1884 1882 1880 1878 1877 1874 1873 1872 1868 1867 1865 1856 1854 1847 1846 1841 1839 1838 1832 1828 1826 1822 1821 1819 1818 1814 1811 1808
2206 2205 2201 2200 2196 2190 2182 2176 2171 2166 2159 2155 2150 2144 2135 2134 2129 2127 2123 2119 2116 2097 2094 2093 2092 2088 2087 2085 2084 2083 2079 2070 2064 2045 2043 2037 2028 2025 2023 2019 2012 2011 2002 1999 1993 1991 1988 1987 1984 1980
2397 2396 2394 2386 2385 2378 2368 2367 2366 2349 2346 2344 2336 2335 2333 2325 2323 2320 2318 2303 2301 2300 2299 2297 2293 2292 2287 2277 2276 2273 2270 2263 2260 2253 2252 2248 2247 2242 2241 2239 2234 2233 2232 2231 2229 2227 2226 2224 2210 2209
2592 2590 2584 2582 2575 2568 2566 2562 2559 2556 2554 2552 2551 2549 2546 2536 2535 2534 2522 2521 2515 2510 2503 2500 2499 2494 2493 2492 2491 2480 2476 2473 2469 2468 2466 2461 2457 2452 2449 2447 2444 2443 2429 2426 2418 2413 2404 2403 2400 2398
2789 2787 2780 2775 2768 2764 2761 2759 2757 2756 2754 2753 2752 2751 2746 2735 2733 2732 2726 2712 2703 2701 2700 2699 2696 2693 2690 2685 2681 2676 2667 2666 2665 2664 2662 2654 2651 2648 2646 2643 2641 2640 2634 2621 2620 2607 2606 2602 2597 2593
2983 2982 2981 2977 2973 2966 2961 2957 2954 2952 2945 2938 2935 2933 2930 2928 2922 2914 2910 2907 2901 2900 2895 2890 2887 2882 2873 2872 2870 2869 2866 2865 2862 2851 2847 2846 2845 2842 2840 2836 2832 2831 2827 2824 2822 2816 2807 2803 2797 2796
3153 3148 3147 3144 3143 3142 3140 3139 3137 3133 3130 3125 3124 3115 3114 3105 3102 3095 3083 3080 3079 3070 3068 3066 3060 3057 3056 3053 3051 3049 3045 3040 3038 3036 3028 3027 3025 3020 3019 3018 3012 3008 3007 3006 3005 2994 2991 2990 2989 2987
3314 3312 3308 3307 3301 3294 3291 3288 3286 3280 3279 3278 3271 3261 3258 3249 3248 3245 3238 3236 3233 3228 3226 3224 3219 3217 3216 3215 3209 3206 3204 3200 3199 3193 3192 3187 3186 3185 3184 3182 3178 3176 3172 3168 3165 3164 3161 3159 3155 3154
3484 3482 3474 3472 3471 3470 3468 3464 3461 3460 3456 3449 3447 3446 3440 3438 3434 3433 3429 3426 3423 3417 3416 3409 3408 3406 3404 3402 3400 3398 3391 3390 3382 3381 3379 3375 3364 3363 3357 3356 3353 3352 3346 3341 3340 3339 3332 3331 3321 3317
3659 3658 3651 3649 3645 3638 3636 3635 3630 3624 3618 3617 3611 3610 3609 3604 3603 3599 3591 3584 3582 3578 3577 3572 3567 3561 3558 3557 3555 3549 3543 3540 3537 3533 3530 3528 3527 3525 3523 3520 3515 3513 3512 3511 3499 3495 3492 3489 3488 3486
3907 3900 3899 3898 3896 3888 3880 3877 3873 3840 3834 3831 3830 3824 3821 3810 3805 3804 3801 3796 3790 3789 3783 3776 3772 3771 3764 3763 3762 3759 3757 3754 3753 3746 3743 3742 3740 3733 3728 3725 3715 3701 3693 3690 3688 3684 3683 3667 3665 3662
4132 4130 4128 4125 4118 4107 4095 4092 4086 4078 4073 4068 4063 4061 4060 4059 4056 4051 4030 4029 4022 4018 4011 4005 4004 4002 3997 3992 3989 3987 3983 3978 3976 3972 3965 3953 3950 3942 3941 3940 3932 3931 3928 3926 3920 3919 3915 3914 3912 3908
4317 4313 4310 4306 4303 4302 4298 4293 4289 4285 4280 4276 4273 4272 4270 4261 4252 4250 4249 4245 4243 4238 4235 4232 4230 4227 4226 4225 4222 4217 4213 4210 4199 4198 4197 4195 4190 4188 4184 4182 4177 4173 4157 4156 4155 4153 4151 4140 4138 4133
4518 4516 4514 4511 4508 4507 4500 4498 4497 4483 4482 4481 4472 4467 4459 4457 4444 4443 4441 4438 4437 4435 4424 4423 4413 4410 4407 4399 4398 4396 4392 4387 4385 4381 4380 4372 4362 4359 4353 4347 4345 4344 4342 4341 4340 4332 4326 4323 4319 4318
4720 4716 4710 4697 4692 4687 4686 4683 4676 4675 4672 4668 4666 4661 4660 4659 4657 4654 4653 4652 4648 4647 4643 4633 4626 4622 4617 4612 4611 4610 4606 4601 4587 4585 4583 4580 4576 4573 4571 4570 4567 4558 4557 4553 4543 4540 4532 4531 4522 4520
4901 4900 4897 4896 4891 4888 4887 4886 4885 4884 4876 4873 4868 4859 4854 4852 4851 4837 4835 4833 4831 4830 4826 4825 4824 4820 4818 4809 4807 4803 4800 4799 4791 4789 4787 4784 4781 4771 4764 4763 4762 4754 4750 4745 4740 4739 4735 4731 4729 4723
5087 5084 5083 5082 5079 5068 5066 5061 5060 5059 5051 5046 5043 5040 5035 5029 5025 5021 5019 5012 5011 5004 5000 4994 4993 4990 4985 4977 4963 4962 4960 4959 4957 4956 4954 4949 4946 4945 4943 4940 4937 4932 4926 4924 4923 4917 4916 4915 4914 4913
5301 5299 5298 5295 5291 5288 5276 5275 5271 5269 5266 5263 5259 5253 5234 5229 5228 5222 5221 5205 5201 5193 5189 5187 5186 5185 5183 5175 5173 5168 5164 5162 5160 5158 5157 5156 5150 5148 5144 5136 5133 5125 5121 5120 5118 5117 5111 5106 5104 5099
5480 5479 5477 5475 5474 5472 5469 5468 5466 5457 5455 5454 5444 5442 5441 5439 5432 5424 5421 5420 5416 5411 5410 5400 5398 5396 5395 5392 5388 5386 5385 5376 5373 5348 5343 5341 5334 5331 5330 5327 5326 5323 5320 5318 5313 5312 5309 5307 5304 5303
5688 5683 5678 5676 5664 5653 5648 5644 5637 5632 5623 5622 5620 5611 5608 5606 5603 5595 5591 5590 5588 5586 5584 5581 5580 5574 5572 5570 5568 5563 5557 5556 5550 5549 5541 5538 5537 5532 5530 5525 5523 5522 5516 5514 5512 5505 5502 5499 5494 5493
5897 5894 5890 5889 5888 5886 5883 5882 5875 5869 5863 5860 5859 5849 5847 5844 5833 5825 5824 5822 5813 5804 5803 5800 5797 5796 5794 5792 5791 5788 5784 5783 5770 5768 5756 5753 5752 5748 5742 5741 5738 5732 5726 5725 5724 5716 5714 5709 5693 5689
6107 6104 6091 6080 6078 6072 6068 6067 6065 6064 6063 6058 6053 6046 6034 6030 6025 6022 6018 6017 6016 6012 6004 6003 6000 5995 5993 5991 5989 5983 5982 5981 5974 5966 5965 5957 5956 5952 5950 5941 5940 5935 5934 5927 5924 5919 5918 5916 5912 5909
6296 6295 6291 6288 6282 6281 6278 6277 6272 6270 6266 6263 6253 6252 6243 6238 6237 6236 6231 6227 6225 6223 6222 6221 6212 6211 6210 6209 6205 6199 6196 6190 6180 6178 6171 6163 6162 6154 6151 6143 6140 6139 6131 6129 6126 6123 6117 6116 6113 6111
6496 6493 6491 6487 6484 6483 6481 6480 6478 6472 6471 6470 6453 6452 6450 6447 6440 6439 6436 6432 6428 6427 6425 6424 6410 6406 6398 6392 6388 6386 6385 6376 6373 6372 6368 6364 6358 6356 6349 6339 6334 6331 6326 6323 6319 6312 6305 6303 6302 6297
6735 6727 6693 6692 6689 6687 6684 6683 6679 6673 6669 6664 6662 6660 6659 6650 6648 6644 6642 6639 6625 6623 6618 6615 6614 6613 6611 6601 6595 6586 6584 6579 6574 6570 6562 6561 6560 6556 6553 6551 6548 6540 6537 6526 6523 6516 6512 6510 6506 6498
6954 6953 6949 6948 6940 6939 6937 6935 6930 6922 6920 6916 6907 6902 6900 6899 6890 6884 6883 6876 6869 6866 6864 6863 6855 6850 6844 6830 6823 6820 6815 6814 6813 6809 6800 6791 6790 6789 6776 6773 6772 6767 6762 6760 6755 6754 6744 6739 6738 6737
7117 7116 7115 7112 7111 7105 7103 7097 7096 7094 7091 7089 7085 7084 7083 7082 7080 7076 7074 7072 7070 7069 7068 7067 7060 7053 7052 7047 7046 7043 7040 7024 7023 7022 7018 7017 7010 7007 7004 7003 7001 6994 6992 6990 6986 6970 6968 6964 6962 6958
7335 7331 7330 7329 7323 7321 7318 7314 7296 7294 7285 7282 7280 7278 7267 7262 7260 7255 7254 7250 7248 7244 7242 7241 7230 7228 7224 7216 7211 7207 7205 7204 7202 7198 7197 7196 7194 7190 7188 7183 7165 7157 7156 7150 7147 7146 7136 7129 7127 7120
7516 7515 7508 7503 7498 7496 7487 7486 7484 7481 7473 7472 7470 7467 7466 7464 7462 7459 7454 7453 7449 7446 7445 7442 7438 7437 7436 7431 7428 7424 7423 7416 7415 7411 7406 7401 7400 7399 7397 7395 7392 7389 7385 7372 7369 7366 7356 7355 7346 7339
7709 7706 7705 7700 7693 7692 7688 7685 7684 7677 7676 7674 7673 7672 7659 7655 7653 7649 7646 7642 7635 7632 7622 7619 7612 7610 7601 7600 7599 7598 7594 7588 7585 7584 7583 7580 7575 7573 7571 7566 7562 7553 7543 7541 7539 7525 7524 7521 7518 7517
7924 7919 7917 7916 7913 7903 7896 7894 7889 7888 7880 7877 7872 7860 7853 7852 7850 7846 7845 7829 7823 7815 7809 7807 7801 7793 7790 7783 7781 7779 7776 7774 7771 7764 7759 7757 7756 7755 7749 7747 7740 7739 7733 7730 7729 7724 7714 7713 7712 7711
8149 8144 8138 8137 8135 8134 8131 8130 8125 8121 8115 8114 8113 8109 8107 8102 8095 8092 8083 8072 8071 8068 8064 8050 8048 8044 8042 8039 8035 8032 8026 8025 8023 8019 8017 8016 8011 8003 8000 7979 7974 7970 7959 7958 7952 7942 7934 7932 7927 7925
8312 8308 8305 8302 8298 8295 8290 8289 8282 8275 8267 8265 8261 8258 8249 8246 8242 8241 8240 8239 8234 8233 8231 8230 8228 8225 8223 8222 8220 8218 8203 8201 8200 8191 8190 8185 8183 8181 8180 8177 8174 8170 8168 8167 8166 8162 8160 8159 8154 8152
8548 8547 8546 8536 8524 8522 8512 8510 8503 8498 8495 8478 8476 8464 8463 8458 8456 8453 8450 8432 8430 8429 8427 8425 8419 8416 8403 8399 8396 8395 8390 8389 8388 8383 8381 8379 8373 8370 8367 8366 8362 8356 8344 8340 8334 8330 8326 8325 8321 8316
8736 8735 8732 8731 8722 8716 8706 8705 8702 8700 8698 8697 8694 8693 8675 8672 8667 8666 8664 8662 8660 8659 8657 8651 8648 8644 8643 8620 8619 8618 8616 8613 8612 8610 8609 8606 8603 8599 8595 8592 8590 8588 8584 8582 8579 8575 8573 8559 8558 8549
8956 8950 8948 8945 8943 8937 8930 8923 8922 8919 8917 8910 8909 8908 8907 8906 8903 8901 8896 8894 8883 8877 8875 8863 8859 8857 8855 8852 8844 8836 8833 8823 8818 8811 8806 8804 8787 8786 8785 8781 8776 8775 8771 8764 8763 8759 8755 8752 8747 8737
9169 9162 9154 9142 9141 9139 9133 9132 9124 9122 9119 9113 9111 9103 9101 9098 9095 9094 9091 9090 9088 9087 9084 9081 9076 9070 9061 9059 9055 9054 9053 9047 9046 9045 9043 9038 9029 9024 9023 9020 9018 9014 9007 9005 8999 8992 8990 8976 8964 8963
9401 9397 9390 9385 9384 9374 9373 9370 9367 9364 9358 9353 9351 9348 9342 9338 9329 9317 9314 9300 9297 9296 9293 9291 9289 9279 9275 9273 9266 9256 9250 9249 9248 9240 9237 9236 9224 9223 9219 9218 9216 9212 9211 9204 9203 9198 9187 9178 9173 9172
9580 9574 9572 9565 9562 9559 9558 9557 9554 9547 9543 9540 9534 9532 9531 9528 9526 9518 9514 9506 9502 9501 9489 9487 9486 9484 9480 9474 9472 9469 9464 9458 9456 9455 9447 9438 9437 9436 9434 9432 9428 9426 9424 9420 9415 9413 9412 9408 9405 9402
9794 9792 9791 9787 9785 9782 9777 9772 9768 9767 9760 9757 9738 9735 9728 9726 9725 9719 9713 9712 9711 9707 9706 9699 9695 9694 9691 9682 9681 9671 9670 9662 9658 9657 9654 9652 9647 9640 9638 9637 9636 9621 9609 9608 9605 9603 9596 9591 9585 9584
9989 9988 9987 9983 9978 9975 9973 9970 9965 9964 9963 9961 9960 9958 9957 9955 9952 9951 9928 9927 9925 9918 9914 9909 9908 9903 9902 9901 9900 9898 9891 9877 9875 9874 9872 9865 9857 9854 9843 9836 9829 9828 9826 9825 9816 9815 9808 9806 9803 9802
