50
9995 9987 9982 9980 9978 9973 9972 9965 9961 9958 9951 9950 9943 9941 9937 9933 9932 9931 9928 9924 9923 9919 9917 9916 9911 9909 9908 9907 9904 9903 9901 9898 9897 9896 9891 9886 9884 9878 9877 9875 9874 9866 9862 9861 9854 9843 9836 9835 9823 9812
9802 9800 9789 9782 9780 9779 9766 9763 9762 9759 9758 9754 9752 9750 9749 9748 9741 9739 9734 9730 9729 9728 9724 9722 9716 9713 9707 9705 9696 9695 9693 9688 9687 9662 9660 9659 9658 9648 9646 9644 9642 9641 9634 9615 9612 9608 9604 9602 9600 9597
9595 9586 9584 9575 9574 9569 9561 9552 9550 9543 9539 9534 9533 9530 9529 9523 9521 9519 9515 9512 9506 9500 9475 9472 9471 9468 9466 9452 9450 9447 9445 9438 9434 9433 9429 9427 9424 9420 9417 9412 9410 9401 9394 9391 9387 9380 9374 9371 9369 9368
9364 9362 9354 9352 9351 9350 9348 9347 9333 9329 9327 9319 9317 9314 9311 9309 9299 9298 9296 9294 9292 9288 9286 9264 9246 9244 9243 9240 9239 9232 9226 9225 9221 9220 9217 9215 9205 9201 9198 9197 9194 9190 9189 9188 9184 9176 9172 9170 9160 9159
9156 9144 9134 9132 9123 9121 9118 9110 9105 9102 9100 9099 9084 9075 9072 9071 9066 9060 9054 9048 9036 9035 9028 9019 9015 9012 9010 9007 9005 9002 8995 8991 8990 8989 8982 8980 8973 8965 8964 8962 8958 8955 8950 8949 8946 8945 8943 8938 8932 8929
8925 8922 8918 8917 8909 8901 8900 8895 8894 8890 8887 8881 8879 8875 8872 8870 8863 8854 8853 8852 8850 8847 8843 8826 8825 8823 8819 8816 8814 8804 8803 8802 8798 8796 8791 8786 8782 8781 8779 8777 8774 8763 8759 8758 8749 8748 8747 8744 8742 8733
8729 8728 8724 8723 8718 8714 8713 8706 8699 8694 8685 8683 8679 8675 8674 8673 8664 8661 8657 8656 8655 8648 8641 8640 8639 8638 8634 8627 8626 8625 8608 8602 8600 8598 8597 8590 8585 8580 8579 8576 8573 8570 8569 8564 8563 8560 8559 8552 8546 8539
8537 8535 8532 8529 8528 8526 8525 8522 8521 8519 8515 8507 8506 8505 8503 8502 8498 8492 8478 8476 8468 8466 8455 8451 8446 8445 8444 8438 8436 8430 8429 8427 8424 8412 8403 8401 8398 8392 8390 8380 8378 8371 8363 8360 8358 8351 8347 8345 8340 8338
8335 8334 8333 8329 8328 8327 8326 8325 8323 8322 8311 8310 8305 8277 8275 8272 8263 8259 8255 8254 8251 8243 8241 8238 8234 8232 8230 8220 8218 8217 8214 8213 8210 8199 8196 8186 8183 8182 8179 8176 8175 8170 8166 8165 8157 8156 8155 8153 8152 8151
8148 8143 8142 8140 8135 8133 8123 8122 8119 8115 8113 8109 8106 8103 8098 8094 8093 8092 8091 8090 8089 8087 8080 8070 8067 8059 8058 8056 8053 8051 8049 8041 8037 8036 8035 8033 8029 8028 8023 8017 8009 8003 7990 7989 7981 7974 7972 7970 7969 7961
7958 7953 7952 7951 7948 7944 7942 7939 7937 7933 7931 7928 7925 7923 7920 7911 7904 7903 7896 7894 7890 7889 7886 7885 7881 7880 7869 7864 7863 7860 7857 7842 7839 7838 7833 7829 7827 7819 7817 7816 7813 7810 7801 7792 7790 7786 7775 7771 7768 7757
7756 7755 7754 7753 7752 7751 7747 7744 7739 7736 7735 7733 7732 7727 7725 7724 7710 7706 7705 7702 7699 7690 7688 7684 7682 7674 7671 7669 7667 7666 7663 7659 7654 7651 7649 7648 7645 7640 7636 7631 7627 7626 7622 7621 7620 7618 7612 7609 7597 7590
7582 7577 7576 7573 7568 7565 7557 7547 7538 7535 7530 7529 7525 7524 7522 7516 7513 7512 7511 7509 7508 7501 7500 7499 7498 7494 7487 7486 7485 7480 7477 7475 7472 7471 7461 7458 7455 7454 7451 7449 7439 7438 7434 7433 7431 7422 7421 7409 7404 7400
7391 7385 7377 7372 7371 7368 7366 7363 7362 7357 7355 7347 7337 7336 7331 7328 7321 7319 7318 7313 7310 7306 7305 7301 7300 7298 7295 7293 7290 7288 7284 7283 7278 7276 7274 7268 7266 7264 7258 7253 7252 7245 7239 7238 7226 7222 7220 7218 7213 7209
7206 7205 7203 7200 7192 7191 7185 7179 7169 7168 7166 7165 7163 7160 7158 7155 7154 7152 7147 7144 7142 7139 7134 7131 7125 7121 7108 7102 7101 7097 7095 7091 7090 7089 7088 7086 7084 7081 7077 7076 7072 7064 7054 7045 7042 7041 7037 7035 7034 7030
7028 7026 7024 7020 7018 7014 7012 7010 7005 6994 6988 6979 6972 6959 6956 6941 6935 6934 6928 6927 6926 6924 6919 6918 6917 6915 6911 6910 6909 6907 6906 6904 6903 6897 6887 6886 6880 6874 6867 6862 6853 6851 6850 6848 6844 6841 6840 6835 6834 6833
6830 6823 6822 6814 6813 6810 6809 6808 6804 6799 6797 6796 6795 6793 6787 6783 6782 6779 6777 6772 6770 6756 6754 6744 6743 6737 6735 6733 6732 6731 6730 6728 6727 6720 6718 6717 6714 6708 6705 6701 6697 6696 6695 6691 6689 6687 6686 6685 6684 6680
6676 6675 6674 6673 6669 6667 6660 6655 6651 6650 6643 6642 6640 6635 6633 6619 6614 6608 6606 6601 6597 6595 6592 6591 6590 6586 6581 6575 6569 6567 6565 6556 6551 6550 6546 6544 6543 6541 6534 6530 6526 6525 6524 6523 6517 6516 6512 6511 6504 6501
6500 6499 6496 6494 6491 6485 6477 6469 6466 6463 6462 6461 6454 6445 6435 6434 6429 6426 6425 6424 6423 6401 6392 6391 6389 6388 6382 6379 6372 6368 6367 6366 6363 6361 6357 6355 6351 6349 6348 6346 6344 6341 6334 6331 6328 6321 6317 6315 6307 6306
6300 6297 6293 6292 6273 6267 6262 6258 6257 6254 6253 6249 6244 6240 6235 6234 6226 6223 6215 6213 6210 6206 6205 6200 6194 6192 6190 6186 6182 6179 6178 6177 6174 6172 6171 6163 6159 6156 6155 6143 6138 6136 6135 6133 6131 6126 6120 6115 6112 6110
6104 6102 6097 6095 6094 6087 6086 6084 6079 6077 6072 6064 6054 6053 6043 6036 6029 6022 6021 6020 6013 6005 6002 6000 5990 5984 5983 5978 5973 5972 5971 5969 5965 5962 5959 5957 5951 5950 5949 5946 5945 5943 5940 5938 5928 5927 5917 5915 5913 5909
5900 5899 5897 5896 5893 5892 5888 5877 5875 5871 5870 5860 5858 5856 5855 5854 5853 5851 5848 5847 5843 5840 5838 5832 5829 5826 5822 5818 5816 5815 5808 5807 5796 5789 5781 5777 5769 5767 5761 5759 5758 5756 5754 5740 5733 5729 5728 5727 5725 5722
5720 5712 5705 5703 5701 5699 5691 5686 5682 5677 5670 5665 5657 5655 5653 5652 5646 5644 5640 5635 5634 5632 5620 5616 5615 5614 5613 5611 5609 5601 5600 5599 5595 5589 5588 5584 5582 5579 5578 5575 5573 5571 5567 5553 5552 5550 5547 5545 5544 5539
5535 5532 5524 5516 5514 5512 5509 5507 5503 5499 5490 5486 5485 5477 5463 5457 5448 5446 5442 5441 5437 5435 5426 5424 5423 5420 5416 5410 5409 5399 5398 5397 5396 5393 5392 5391 5389 5381 5379 5375 5365 5364 5360 5358 5348 5346 5336 5330 5328 5326
5320 5319 5314 5304 5302 5300 5298 5294 5281 5277 5275 5271 5260 5254 5249 5237 5231 5223 5203 5201 5196 5195 5193 5185 5184 5179 5178 5176 5172 5169 5165 5163 5159 5157 5153 5144 5142 5134 5132 5130 5123 5121 5114 5113 5108 5107 5105 5102 5097 5081
5078 5074 5066 5063 5061 5059 5055 5052 5051 5047 5041 5040 5034 5033 5029 5026 5018 5014 5013 5010 5006 5004 5002 4998 4996 4992 4989 4984 4983 4982 4976 4974 4970 4964 4963 4961 4959 4952 4950 4947 4945 4941 4940 4939 4936 4934 4929 4926 4922 4918
4914 4907 4904 4903 4898 4895 4894 4886 4883 4881 4877 4874 4868 4866 4864 4853 4847 4834 4832 4829 4809 4800 4798 4790 4780 4775 4770 4766 4757 4756 4755 4752 4746 4743 4742 4740 4739 4738 4731 4727 4718 4713 4696 4692 4687 4683 4668 4667 4665 4658
4656 4650 4644 4641 4639 4636 4631 4625 4620 4614 4613 4610 4604 4601 4598 4588 4584 4582 4574 4573 4566 4559 4551 4549 4543 4538 4537 4536 4533 4519 4518 4517 4510 4508 4505 4500 4498 4489 4486 4485 4483 4480 4479 4476 4474 4470 4469 4462 4461 4458
4456 4454 4448 4445 4442 4439 4438 4435 4430 4429 4426 4422 4421 4420 4418 4417 4413 4412 4398 4397 4396 4386 4383 4380 4376 4375 4372 4370 4360 4357 4355 4353 4350 4337 4334 4330 4328 4325 4319 4313 4312 4306 4303 4300 4299 4293 4289 4284 4283 4281
4274 4273 4270 4266 4265 4263 4260 4259 4258 4253 4251 4249 4246 4243 4241 4236 4229 4227 4224 4223 4219 4214 4213 4200 4198 4187 4179 4176 4173 4171 4165 4162 4157 4154 4149 4147 4137 4134 4131 4130 4124 4120 4112 4107 4105 4101 4096 4093 4091 4089
4087 4084 4082 4073 4071 4065 4058 4053 4049 4043 4041 4034 4032 4026 4017 4015 4010 4008 4006 4002 4000 3998 3995 3994 3991 3981 3980 3978 3977 3974 3970 3969 3962 3957 3953 3950 3943 3938 3936 3935 3929 3921 3919 3918 3917 3909 3906 3904 3903 3896
3893 3888 3887 3886 3885 3882 3876 3870 3865 3859 3858 3853 3850 3845 3842 3841 3838 3837 3827 3824 3816 3813 3796 3794 3792 3784 3779 3766 3745 3744 3741 3737 3735 3722 3721 3718 3716 3705 3702 3697 3687 3686 3683 3682 3680 3673 3671 3665 3662 3642
3633 3631 3630 3626 3625 3619 3617 3615 3614 3612 3607 3606 3605 3595 3591 3590 3585 3582 3581 3578 3577 3572 3571 3559 3550 3546 3542 3541 3540 3535 3534 3531 3528 3527 3523 3520 3509 3507 3506 3499 3496 3490 3489 3488 3481 3477 3475 3471 3469 3468
3467 3465 3461 3459 3458 3446 3443 3441 3440 3432 3422 3416 3414 3413 3408 3407 3402 3398 3397 3394 3384 3380 3379 3378 3377 3349 3343 3340 3333 3324 3320 3316 3313 3305 3299 3297 3296 3294 3288 3287 3284 3283 3281 3276 3273 3272 3266 3264 3259 3258
3256 3254 3253 3243 3242 3238 3229 3222 3221 3220 3210 3206 3205 3204 3201 3194 3191 3180 3177 3171 3169 3168 3161 3159 3158 3151 3138 3132 3128 3126 3123 3120 3118 3114 3098 3084 3082 3072 3068 3066 3051 3049 3046 3045 3044 3041 3035 3032 3028 3026
3025 3019 3018 3017 3013 3011 3010 3007 3004 3002 2989 2988 2987 2986 2982 2978 2977 2973 2971 2967 2962 2959 2956 2954 2950 2948 2945 2939 2936 2935 2933 2930 2929 2927 2926 2920 2919 2917 2911 2910 2904 2896 2895 2892 2891 2883 2878 2874 2864 2862
2859 2856 2852 2850 2845 2844 2841 2835 2831 2830 2829 2828 2824 2817 2815 2814 2813 2804 2801 2792 2788 2769 2764 2758 2757 2756 2755 2748 2746 2745 2744 2741 2740 2734 2730 2729 2715 2705 2695 2692 2691 2684 2680 2678 2675 2669 2666 2665 2658 2656
2654 2648 2645 2641 2638 2632 2629 2626 2621 2620 2619 2616 2614 2613 2606 2597 2595 2594 2585 2579 2574 2568 2567 2555 2551 2545 2531 2523 2519 2512 2511 2510 2494 2490 2489 2468 2465 2462 2460 2457 2453 2446 2444 2442 2438 2429 2428 2427 2419 2409
2405 2393 2391 2386 2385 2383 2382 2379 2377 2370 2368 2363 2350 2349 2346 2335 2323 2321 2320 2319 2316 2312 2297 2296 2294 2291 2290 2289 2287 2282 2280 2279 2271 2270 2268 2267 2257 2256 2253 2250 2247 2245 2244 2241 2240 2221 2217 2203 2199 2197
2193 2188 2186 2179 2176 2174 2172 2160 2159 2154 2152 2150 2146 2141 2136 2135 2132 2130 2124 2114 2102 2089 2088 2087 2081 2076 2074 2073 2069 2065 2064 2062 2056 2051 2050 2047 2045 2037 2029 2027 2022 2016 2015 2008 2007 1998 1997 1995 1994 1977
1976 1972 1963 1962 1959 1956 1949 1946 1945 1940 1938 1933 1928 1926 1922 1919 1916 1911 1905 1902 1900 1895 1887 1884 1874 1873 1871 1863 1862 1848 1847 1842 1838 1832 1826 1825 1817 1812 1809 1807 1802 1799 1785 1784 1783 1782 1780 1779 1775 1772
1768 1761 1757 1752 1751 1748 1743 1739 1737 1722 1721 1718 1714 1712 1709 1700 1697 1688 1687 1686 1683 1680 1679 1678 1672 1665 1661 1657 1656 1655 1653 1646 1643 1637 1635 1634 1631 1626 1625 1622 1619 1618 1615 1612 1608 1605 1602 1598 1597 1590
1587 1586 1584 1582 1579 1574 1571 1567 1565 1561 1553 1549 1548 1544 1537 1536 1534 1530 1529 1525 1521 1520 1515 1513 1511 1506 1501 1500 1496 1493 1490 1487 1486 1480 1479 1478 1477 1468 1467 1466 1465 1464 1462 1460 1457 1455 1454 1453 1451 1450
1448 1446 1442 1441 1432 1426 1424 1421 1415 1412 1411 1408 1407 1404 1403 1401 1399 1397 1393 1391 1380 1375 1374 1373 1371 1368 1366 1363 1361 1356 1354 1352 1351 1343 1335 1334 1329 1317 1306 1305 1304 1302 1300 1296 1290 1279 1265 1257 1252 1249
1248 1247 1245 1236 1231 1225 1224 1216 1215 1205 1204 1203 1197 1195 1190 1182 1173 1165 1164 1162 1161 1159 1155 1149 1148 1146 1144 1141 1135 1124 1114 1112 1108 1106 1090 1089 1088 1087 1083 1079 1068 1064 1063 1059 1053 1050 1049 1044 1042 1041
1039 1029 1027 1023 1018 1015 1014 1006 1004 999 989 988 971 950 947 944 930 928 925 923 916 914 908 904 898 887 883 881 868 864 860 857 854 849 845 838 837 832 816 813 810 807 803 802 799 798 796 795 793 792
789 788 770 757 752 749 743 739 734 733 731 729 727 726 724 707 704 701 688 681 679 672 661 658 653 652 643 642 641 638 635 620 618 616 612 608 606 602 601 597 596 593 591 588 587 584 582 581 576 573
564 563 562 561 556 554 535 532 530 525 519 517 515 505 497 495 491 487 486 481 479 474 473 469 465 456 454 445 437 433 432 429 427 424 422 421 417 413 404 403 401 397 391 389 388 376 374 373 365 364
362 359 356 350 349 335 334 333 329 328 319 318 315 314 313 308 307 305 296 295 290 288 284 271 270 267 265 254 252 251 250 249 244 243 241 239 236 231 230 226 220 202 201 197 196 195 194 190 184 181
179 177 172 169 167 165 161 158 157 156 155 153 150 147 145 141 139 131 128 123 122 112 110 105 103 100 98 96 88 83 82 73 72 69 64 55 53 43 42 39 25 23 21 15 11 10 7 6 2 0
