50
16 1536 3875 5574 7051 8840 11073 13421 16135 17943 19759 21855 23787 25971 27724 29467 31636 33395 35315 37430 39422 41589 43806 45479 47543 49386 51327 53186 55201 57262 59555 61486 63515 66257 68071 69666 71287 73420 75610 77740 80060 81932 83799 85860 88154 90199 92254 94594 96316 98085
68 1546 3887 5588 7117 8847 11111 13458 16192 17948 19784 21892 23897 26016 27728 29479 31657 33417 35342 37442 39447 41620 43836 45480 47562 49406 51353 53317 55213 57316 59676 61499 63568 66298 68148 69682 71335 73453 75669 77768 80075 81950 83811 85909 88159 90221 92282 94602 96336 98183
121 1596 3978 5590 7125 9028 11154 13482 16268 17964 19785 21921 23931 26074 27798 29686 31697 33452 35374 37510 39459 41631 43841 45623 47604 49456 51374 53329 55219 57347 59743 61500 63657 66324 68269 69692 71367 73513 75706 77771 80099 81964 83820 86022 88177 90239 92319 94632 96362 98245
125 1602 3993 5606 7181 9034 11268 13518 16376 17983 19823 21964 23932 26182 27821 29689 31727 33470 35387 37549 39536 41796 43888 45630 47643 49502 51380 53454 55233 57403 59771 61582 63706 66362 68293 69697 71372 73541 75731 77811 80116 82021 83854 86073 88231 90300 92363 94642 96413 98295
130 1621 4090 5664 7235 9062 11277 13548 16497 17989 19846 21989 23943 26196 27833 29767 31751 33471 35488 37558 39631 41832 43937 45677 47692 49504 51457 53500 55268 57468 59783 61592 63805 66386 68304 69742 71381 73596 75741 77914 80125 82104 83904 86089 88294 90312 92413 94675 96452 98314
131 1678 4171 5688 7243 9072 11293 13583 16503 18003 19944 21991 23997 26199 27915 29825 31784 33473 35552 37662 39691 41846 43982 45732 47712 49550 51476 53588 55279 57471 59848 61605 63837 66410 68332 69752 71404 73602 75795 77921 80144 82152 84042 86110 88326 90317 92438 94697 96487 98326
135 1726 4195 5717 7244 9121 11389 13601 16536 18011 19983 22004 24033 26214 27980 29827 31817 33477 35563 37688 39813 42060 43984 45765 47741 49564 51496 53608 55298 57535 59878 61652 63857 66437 68385 69761 71409 73655 75805 77984 80196 82177 84154 86130 88342 90424 92444 94703 96498 98337
157 1744 4213 5760 7350 9212 11433 13638 16555 18016 20047 22018 24155 26270 28025 29828 31843 33486 35576 37718 39850 42085 43989 45814 47767 49591 51532 53633 55342 57545 60003 61689 63899 66447 68396 69799 71410 73666 75849 77991 80229 82194 84164 86133 88382 90444 92549 94714 96600 98430
260 1772 4227 5767 7365 9215 11515 13669 16562 18088 20053 22037 24166 26277 28044 29859 31889 33507 35638 37742 39872 42148 44001 45818 47797 49720 51579 53820 55357 57568 60019 61691 64074 66460 68473 69843 71518 73742 75859 78055 80261 82203 84176 86162 88417 90483 92585 94755 96637 98432
272 1896 4242 5868 7528 9300 11632 13781 16577 18112 20080 22179 24168 26283 28049 29915 31914 33524 35755 37783 39942 42186 44004 45858 47881 49728 51585 53826 55380 57574 60028 61705 64130 66467 68490 69845 71521 73744 75861 78113 80276 82258 84257 86183 88465 90547 92776 94763 96670 98436
299 1914 4272 5870 7550 9336 11646 13794 16601 18148 20090 22184 24169 26378 28073 29940 31924 33547 35764 37787 40024 42316 44008 45889 47933 49838 51607 53927 55487 57614 60058 61713 64208 66539 68519 69865 71556 73818 75872 78199 80500 82264 84375 86213 88477 90549 92842 94817 96695 98547
365 1967 4383 5902 7579 9343 11672 13806 16635 18161 20142 22191 24182 26406 28085 29970 31956 33569 35790 37931 40037 42330 44027 46010 47955 49900 51637 54033 55544 57622 60060 61768 64224 66585 68527 69915 71576 73999 75955 78225 80506 82287 84426 86216 88517 90578 92882 94872 96745 98571
367 1995 4394 5918 7626 9352 11790 13890 16664 18179 20222 22217 24221 26460 28201 30012 32000 33572 35937 37945 40040 42361 44056 46011 48074 49915 51669 54095 55582 57674 60095 61828 64243 66664 68631 69916 71652 74000 76095 78276 80529 82289 84712 86244 88543 90591 92906 94882 96754 98588
378 2014 4431 5929 7749 9495 11950 13902 16687 18195 20232 22293 24223 26465 28305 30030 32032 33590 35938 37976 40217 42380 44158 46018 48086 49967 51732 54111 55616 57792 60097 61915 64345 66678 68636 69999 71726 74052 76133 78311 80535 82348 84723 86251 88572 90660 92942 94900 96764 98599
391 2114 4434 5940 7779 9618 12024 13960 16694 18228 20255 22308 24390 26473 28312 30127 32052 33774 35965 38011 40234 42398 44185 46033 48138 49987 51785 54129 55623 57807 60245 61941 64387 66684 68684 70152 71734 74065 76205 78323 80538 82353 84728 86295 88637 90668 92946 94901 96782 98624
429 2124 4440 6029 7791 9633 12048 13975 16769 18287 20281 22333 24462 26475 28339 30218 32094 33880 35966 38026 40243 42421 44229 46065 48141 49999 51787 54145 55695 57839 60285 62019 64392 66724 68700 70160 71737 74240 76344 78327 80561 82366 84729 86302 88653 90885 92975 94950 96822 98632
446 2132 4453 6053 7824 9704 12098 13979 16801 18290 20356 22350 24484 26509 28446 30252 32103 33895 35972 38050 40244 42465 44236 46107 48149 50055 51835 54152 55703 57854 60331 62055 64429 66799 68709 70187 71758 74249 76365 78352 80601 82376 84780 86375 88657 90887 93011 95035 96824 98671
449 2155 4484 6060 7871 9724 12102 14029 16808 18440 20378 22364 24512 26535 28482 30283 32209 34017 35989 38192 40271 42471 44303 46124 48153 50119 51909 54233 55748 57916 60404 62090 64573 66809 68711 70225 71784 74357 76374 78520 80610 82448 84792 86378 88663 90901 93012 95039 96904 98691
498 2405 4667 6092 7906 9784 12133 14057 16818 18471 20395 22373 24560 26550 28502 30372 32229 34026 36030 38252 40290 42490 44333 46126 48162 50131 51910 54242 55811 57927 60407 62163 64671 66843 68837 70246 71805 74429 76427 78550 80662 82452 84799 86416 88747 90902 93055 95093 96973 98701
515 2408 4694 6146 7941 9857 12192 14098 16835 18473 20518 22382 24601 26676 28529 30390 32243 34106 36087 38281 40377 42497 44338 46128 48165 50149 51926 54258 55823 57930 60436 62198 64676 66854 68858 70315 71816 74451 76463 78609 80687 82459 84822 86504 88762 90920 93103 95095 97019 98753
517 2426 4732 6183 7945 9878 12276 14148 16848 18482 20532 22384 24623 26704 28559 30410 32289 34109 36091 38306 40467 42588 44422 46156 48190 50158 51941 54275 55983 57936 60484 62220 64710 66903 68863 70334 71820 74473 76501 78626 80736 82560 84960 86544 88894 91058 93110 95099 97049 98756
536 2466 4733 6219 7975 9948 12315 14294 16852 18595 20533 22481 24640 26706 28574 30462 32354 34145 36123 38346 40480 42644 44424 46183 48271 50294 51949 54279 56060 58026 60492 62362 64716 66977 68923 70404 71838 74487 76533 78743 80802 82571 84971 86560 89023 91069 93232 95161 97075 98769
543 2474 4835 6301 8013 9986 12371 14365 16864 18598 20555 22533 24827 26756 28584 30473 32400 34218 36145 38391 40584 42648 44485 46280 48288 50295 51974 54294 56099 58033 60509 62396 64832 67103 68924 70454 71880 74513 76542 78809 80818 82590 85003 86718 89094 91151 93240 95164 97139 98797
552 2498 4842 6303 8046 10052 12378 14482 16877 18649 20581 22700 24902 26826 28623 30483 32406 34287 36194 38407 40588 42688 44517 46432 48300 50308 51997 54318 56108 58084 60513 62461 64864 67126 68960 70467 72004 74567 76544 78941 80826 82653 85008 86778 89115 91234 93379 95209 97152 98867
554 2594 4865 6324 8063 10053 12391 14513 16893 18663 20694 22788 24910 26864 28645 30537 32474 34332 36376 38443 40694 42718 44575 46518 48351 50341 52034 54380 56113 58118 60535 62477 65023 67138 68966 70519 72077 74596 76897 78955 80833 82822 85041 86896 89154 91306 93420 95227 97154 98910
589 2634 4871 6344 8107 10160 12397 14601 16896 18710 20721 22803 24932 26878 28717 30613 32491 34350 36437 38461 40696 42737 44610 46574 48363 50352 52060 54382 56198 58140 60543 62482 65065 67159 69003 70536 72089 74668 76912 78981 80878 82842 85069 87048 89157 91316 93492 95232 97174 99014
616 2717 4902 6348 8112 10175 12422 14663 16926 18766 20734 22843 24973 26954 28726 30664 32513 34393 36444 38480 40809 42748 44615 46656 48425 50368 52129 54385 56210 58148 60581 62532 65112 67168 69104 70627 72115 74700 76975 79140 80930 82954 85071 87061 89178 91408 93527 95242 97194 99018
684 2798 4939 6368 8166 10216 12489 14705 16944 18899 20770 22884 25085 27008 28736 30678 32553 34397 36449 38506 40831 42817 44654 46664 48527 50395 52190 54393 56440 58264 60606 62553 65157 67249 69123 70639 72144 74703 76986 79164 80941 82984 85089 87088 89228 91593 93595 95292 97250 99118
701 2801 4979 6399 8189 10259 12501 14737 16999 18921 20777 22976 25222 27015 28771 30694 32574 34416 36530 38652 40833 42865 44713 46706 48547 50401 52223 54441 56451 58361 60614 62588 65164 67260 69129 70671 72255 74728 76988 79188 80963 83005 85168 87128 89238 91606 93600 95416 97300 99139
728 2873 4986 6427 8222 10291 12558 14755 17123 18962 20801 23008 25266 27051 28799 30779 32611 34454 36556 38659 40895 43081 44768 46738 48591 50420 52247 54493 56466 58383 60652 62713 65249 67268 69149 70706 72276 74732 77063 79296 80966 83042 85185 87146 89288 91640 93624 95433 97325 99205
926 2915 5006 6472 8227 10304 12581 14813 17137 19009 20804 23034 25332 27055 28847 30824 32654 34456 36559 38720 40914 43215 44807 46744 48671 50484 52325 54532 56467 58415 60657 62833 65286 67334 69153 70708 72288 74754 77085 79332 80989 83047 85226 87174 89336 91656 93637 95450 97420 99225
954 2960 5040 6552 8294 10338 12585 14929 17154 19020 20855 23050 25400 27110 28883 30825 32689 34555 36637 38742 40939 43256 44841 46791 48682 50517 52348 54550 56488 58616 60664 62867 65357 67355 69169 70716 72446 74862 77097 79359 81002 83060 85242 87210 89389 91664 93643 95532 97495 99247
994 3009 5136 6558 8345 10378 12700 14937 17189 19088 20924 23055 25433 27121 28884 30938 32771 34579 36642 38779 40943 43345 44854 46802 48725 50547 52364 54580 56520 58666 60721 63036 65364 67356 69179 70740 72458 74873 77115 79365 81004 83106 85265 87217 89406 91702 93648 95576 97505 99254
1057 3039 5162 6605 8377 10386 12793 14997 17193 19132 21057 23061 25468 27122 28928 30940 32790 34593 36679 38804 40987 43404 44864 46946 48729 50550 52393 54590 56604 58760 60768 63042 65380 67363 69186 70761 72549 74895 77132 79383 81080 83120 85394 87292 89409 91732 93718 95601 97586 99279
1119 3067 5186 6641 8392 10456 12799 15005 17198 19224 21121 23086 25532 27124 28982 31019 32825 34612 36724 38839 41051 43406 44867 46998 48732 50636 52406 54597 56701 58766 60847 63060 65392 67380 69203 70785 72730 74915 77201 79460 81195 83123 85406 87349 89481 91761 93783 95624 97663 99288
1129 3068 5187 6658 8398 10459 12849 15025 17281 19253 21191 23097 25546 27135 29004 31020 32868 34636 36788 38851 41094 43423 44896 46999 48782 50785 52470 54601 56712 58856 60859 63105 65490 67455 69213 70806 72749 74920 77207 79504 81206 83274 85481 87378 89512 91831 93787 95633 97701 99403
1131 3107 5200 6682 8403 10509 12965 15240 17324 19299 21257 23137 25557 27169 29016 31040 32880 34639 36803 38870 41119 43468 44918 47006 48809 50887 52553 54641 56729 58977 60867 63145 65545 67457 69252 70832 72846 75125 77234 79524 81364 83277 85511 87549 89599 91853 93793 95657 97715 99420
1140 3217 5201 6688 8444 10529 12979 15259 17390 19302 21280 23139 25584 27215 29018 31053 32971 34651 36809 38874 41164 43488 44920 47027 48811 50957 52605 54648 56752 58986 60879 63146 65549 67464 69270 70835 72879 75135 77257 79556 81461 83293 85539 87649 89619 91870 93799 95782 97760 99437
1176 3283 5204 6694 8459 10569 13039 15269 17425 19310 21281 23208 25632 27241 29030 31077 32993 34690 36877 38914 41206 43536 44960 47033 48813 50970 52614 54720 56765 59152 60893 63150 65565 67496 69271 70855 72937 75143 77294 79575 81483 83305 85549 87679 89772 91889 93891 95790 97844 99590
1182 3286 5222 6701 8471 10572 13102 15339 17437 19415 21360 23328 25691 27263 29091 31147 33061 34718 36880 38933 41249 43541 44978 47050 48837 50990 52642 54830 56773 59218 60916 63199 65704 67595 69297 70858 73013 75181 77378 79601 81547 83334 85557 87715 89805 91894 93937 95816 97852 99602
1227 3450 5226 6708 8481 10584 13112 15372 17470 19433 21477 23376 25693 27369 29116 31170 33103 34785 36933 39084 41271 43565 45027 47054 48867 50995 52651 54869 56817 59254 60999 63213 65706 67672 69339 70897 73020 75224 77382 79636 81600 83373 85584 87752 89825 91926 93980 95818 97863 99623
1229 3527 5278 6729 8526 10678 13211 15506 17471 19440 21525 23446 25711 27479 29229 31224 33115 34803 36972 39113 41291 43575 45205 47080 48957 51040 52773 54898 56834 59282 61037 63240 65824 67696 69349 70913 73084 75342 77450 79705 81659 83378 85585 87811 89887 91958 94052 95876 97864 99695
1246 3531 5302 6793 8550 10697 13239 15558 17473 19483 21548 23541 25713 27506 29262 31276 33159 34910 37005 39161 41306 43639 45223 47081 49042 51053 52809 54936 56917 59391 61104 63289 65845 67706 69366 70936 73168 75359 77585 79709 81714 83429 85606 87901 89933 91981 94297 95962 97865 99709
1268 3566 5336 6851 8556 10807 13247 15657 17572 19500 21567 23550 25715 27545 29295 31318 33240 34939 37019 39165 41324 43678 45261 47134 49054 51067 52830 55007 57029 59432 61183 63327 65855 67723 69406 70967 73209 75364 77620 79727 81815 83435 85628 87909 89995 91982 94334 95966 97915 99710
1304 3610 5339 6852 8579 10832 13306 15768 17620 19543 21581 23575 25732 27553 29324 31367 33242 34970 37103 39232 41326 43701 45295 47160 49075 51148 52839 55029 57066 59434 61218 63341 65895 67726 69418 71016 73236 75422 77638 79826 81817 83630 85672 87973 90017 91986 94388 96078 97949 99772
1305 3611 5461 6853 8670 10878 13313 15777 17647 19560 21598 23688 25781 27577 29333 31396 33277 35009 37167 39316 41328 43709 45321 47235 49167 51156 52882 55053 57138 59458 61310 63363 65942 67736 69431 71023 73288 75518 77656 79835 81825 83646 85683 88037 90036 92059 94403 96158 97967 99779
1346 3720 5513 6882 8694 10987 13327 15909 17726 19570 21613 23689 25870 27590 29380 31435 33342 35104 37205 39317 41452 43719 45342 47470 49189 51180 52938 55059 57149 59472 61389 63450 65989 67816 69566 71027 73298 75554 77673 79843 81830 83652 85712 88053 90062 92212 94431 96204 97970 99804
1352 3745 5515 6926 8698 11018 13332 16027 17748 19590 21714 23731 25906 27646 29441 31473 33350 35105 37289 39326 41501 43742 45348 47520 49195 51269 52954 55117 57163 59527 61416 63458 66064 67944 69601 71046 73315 75558 77680 79869 81904 83691 85734 88097 90081 92213 94467 96248 97991 99890
1462 3840 5518 6971 8737 11050 13374 16056 17804 19672 21752 23741 25913 27653 29458 31502 33357 35155 37357 39416 41544 43769 45378 47537 49253 51301 53033 55152 57185 59553 61417 63488 66157 67958 69620 71183 73351 75595 77705 79958 81905 83731 85826 88107 90157 92218 94528 96302 98069 99945
1498 3869 5559 7004 8774 11051 13415 16061 17845 19687 21824 23781 25941 27709 29460 31631 33374 35230 37379 39418 41587 43772 45384 47540 49289 51302 53093 55183 57238 59554 61472 63499 66209 68069 69639 71225 73391 75606 77713 79979 81923 83798 85832 88128 90170 92220 94544 96304 98076 99959
