50
2010 3887 5654 7906 9994 12389 14411 16455 18527 21078 23397 25759 27496 29840 31880 34051 35749 37482 39021 40852 42691 44736 46465 48525 51110 53019 54783 56723 58976 61102 62841 64425 66256 68042 69791 71620 73804 75678 77394 79437 81505 83355 85059 87501 89289 91752 93924 95785 97889 99991
1998 3886 5645 7833 9982 12351 14397 16443 18520 21072 23268 25638 27460 29814 31863 34044 35558 37459 38992 40811 42663 44719 46442 48522 51066 52966 54753 56681 58863 61084 62835 64386 66217 68030 69684 71579 73733 75638 77337 79094 81503 83345 85018 87438 89245 91535 93794 95776 97885 99977
1805 3878 5597 7830 9923 12311 14347 16430 18518 21008 23237 25537 27419 29781 31836 34032 35540 37448 38990 40761 42648 44706 46440 48495 51056 52954 54726 56654 58733 61081 62791 64359 66208 67994 69631 71522 73655 75549 77281 79012 81233 83272 85015 87407 89165 91492 93734 95770 97857 99949
1758 3865 5554 7796 9921 12288 14259 16384 18442 20989 23186 25498 27414 29700 31825 33848 35512 37396 38985 40727 42642 44701 46407 48477 51046 52895 54710 56641 58718 61020 62773 64356 66124 67984 69466 71516 73579 75470 77276 78938 81206 83270 85012 87398 89157 91451 93686 95723 97830 99912
1727 3849 5528 7795 9853 12263 14244 16336 18403 20977 23123 25477 27408 29534 31762 33716 35479 37386 38976 40604 42635 44670 46391 48473 51042 52891 54675 56615 58715 60962 62743 64223 66099 67968 69451 71416 73518 75440 77261 78861 81170 83247 84981 87266 89140 91434 93673 95706 97808 99833
1657 3835 5507 7681 9798 12151 14239 16331 18354 20907 23075 25446 27361 29518 31657 33651 35400 37374 38947 40586 42605 44656 46376 48395 50992 52874 54653 56597 58713 60816 62735 64219 66016 67900 69443 71399 73479 75432 77226 78848 81161 83242 84938 87157 89117 91421 93667 95623 97788 99725
1654 3818 5496 7550 9785 12074 14125 16308 18269 20900 23035 25321 27356 29503 31635 33642 35359 37348 38943 40558 42549 44633 46354 48364 50921 52746 54630 56589 58676 60802 62724 64185 66015 67878 69402 71386 73409 75298 77186 78843 81157 83223 84885 87142 89107 91398 93661 95615 97778 99706
1635 3814 5360 7523 9784 11949 14112 16277 18227 20897 22922 25318 27345 29441 31594 33632 35297 37300 38901 40545 42475 44626 46319 48334 50895 52740 54607 56537 58651 60784 62715 64175 65925 67817 69398 71376 73402 75271 77157 78787 81115 83156 84841 87112 89069 91384 93589 95607 97767 99616
1631 3696 5353 7499 9773 11909 14110 16193 18192 20878 22840 25308 27314 29379 31591 33572 35292 37289 38884 40510 42470 44594 46249 48191 50835 52693 54574 56519 58583 60720 62664 64160 65897 67722 69382 71355 73308 75250 77080 78785 81111 82977 84827 86902 89044 91350 93562 95464 97691 99610
1511 3673 5301 7471 9754 11887 13922 16167 18146 20859 22821 25295 27202 29356 31565 33540 35289 37284 38837 40436 42465 44592 46213 48171 50816 52688 54539 56501 58582 60718 62613 64132 65776 67689 69315 71325 73248 75236 77079 78742 81097 82858 84760 86829 88995 91289 93516 95424 97686 99600
1509 3643 5281 7418 9641 11861 13907 16147 18141 20718 22762 25273 27199 29253 31435 33492 35282 37182 38836 40401 42456 44532 46200 48113 50747 52667 54528 56471 58502 60707 62607 64094 65707 67688 69313 71280 73229 75233 77031 78741 81083 82851 84735 86770 88973 91186 93497 95416 97676 99488
1399 3619 5265 7410 9624 11840 13898 16111 18042 20690 22749 25266 27188 29243 31412 33467 35198 37143 38818 40334 42446 44319 46092 48108 50666 52653 54521 56462 58472 60688 62596 64065 65669 67678 69300 71271 73214 75232 76948 78730 81078 82807 84716 86692 88961 91108 93457 95339 97669 99480
1317 3617 5236 7387 9589 11826 13878 16042 17992 20679 22697 25223 27186 29241 31411 33448 35176 37116 38736 40332 42367 44298 46020 48102 50610 52564 54489 56443 58416 60665 62567 63986 65657 67670 69282 71248 73032 75178 76897 78679 81072 82804 84696 86674 88902 91085 93449 95321 97650 99475
1312 3584 5145 7358 9539 11811 13825 16011 17962 20575 22671 25126 27080 29179 31402 33369 35122 37087 38695 40323 42308 44227 45985 48026 50592 52537 54446 56423 58364 60630 62556 63983 65648 67656 69263 71246 73014 75166 76892 78669 81065 82733 84679 86632 88885 91074 93438 95304 97505 99446
1299 3574 5132 7340 9535 11806 13782 15990 17919 20540 22577 25124 27046 29147 31391 33346 35114 37056 38660 40319 42191 44169 45965 48021 50526 52529 54394 56392 58321 60452 62549 63936 65577 67646 69204 71174 73010 75162 76891 78582 81041 82726 84676 86623 88875 91058 93437 95303 97291 99422
1266 3558 5098 7310 9466 11802 13737 15960 17900 20516 22574 25083 27033 29138 31365 33340 35096 37012 38649 40287 42189 44165 45917 47999 50326 52522 54378 56369 58233 60447 62530 63911 65554 67634 69203 71139 73004 75140 76872 78567 80977 82483 84646 86558 88844 91041 93324 95223 97270 99344
1251 3497 5093 7297 9378 11787 13732 15806 17842 20490 22503 24998 27007 29131 31334 33295 35094 37010 38635 40283 42163 44109 45891 47978 50219 52500 54337 56344 58228 60405 62524 63904 65548 67630 69191 71007 72976 75085 76858 78557 80958 82443 84627 86514 88836 91037 93292 95216 97268 99318
1172 3480 5048 7260 9339 11770 13726 15765 17796 20466 22430 24975 26946 29124 31247 33289 35041 36943 38553 40273 42116 44078 45869 47933 50211 52466 54296 56069 58192 60347 62492 63890 65543 67530 69133 71004 72945 75059 76774 78486 80943 82320 84583 86479 88811 90822 93271 95208 97201 99300
1153 3475 5046 7125 9311 11750 13713 15725 17775 20413 22401 24957 26887 28884 31215 33275 34864 36916 38545 40226 42106 44006 45841 47851 50031 52428 54224 56048 58040 60226 62462 63846 65509 67518 69115 70970 72926 75012 76735 78480 80881 82242 84580 86466 88752 90819 93245 95191 97184 99284
1124 3353 4987 7114 9280 11706 13706 15722 17729 20345 22369 24914 26871 28861 31212 33247 34858 36906 38463 40191 42018 43949 45827 47766 49887 52392 54115 55967 58035 60156 62458 63767 65482 67503 69068 70802 72909 74995 76714 78411 80871 82235 84532 86426 88665 90774 93240 95188 97042 99220
1090 3308 4949 7071 9212 11700 13691 15630 17700 20268 22366 24886 26862 28839 31210 33070 34836 36885 38455 40187 42002 43858 45819 47733 49880 52257 54066 55929 58032 60149 62440 63722 65450 67497 69017 70793 72898 74891 76660 78362 80844 82186 84503 86260 88626 90616 93181 95107 96952 99216
1049 3257 4889 7039 9183 11663 13686 15599 17665 20101 22357 24756 26793 28808 31202 33010 34830 36883 38413 40182 41997 43853 45808 47703 49870 52247 54048 55910 57866 60113 62419 63720 65393 67418 68990 70761 72818 74841 76654 78344 80842 82177 84480 86202 88609 90564 93164 95066 96904 99211
1037 3254 4855 6977 9165 11638 13602 15507 17611 20063 22283 24679 26791 28749 31117 33002 34827 36865 38410 40143 41800 43822 45805 47671 49866 52240 54017 55893 57826 60104 62400 63692 65346 67397 68925 70699 72801 74818 76642 78299 80703 82157 84444 86106 88546 90558 93111 95030 96881 99195
1035 3225 4842 6966 9164 11579 13530 15495 17579 20009 22264 24654 26679 28740 31083 32904 34806 36828 38379 40139 41777 43708 45790 47619 49855 52215 53908 55819 57737 60059 62352 63687 65307 67380 68758 70678 72728 74731 76612 78296 80661 82127 84424 86090 88456 90523 93052 94977 96853 99181
993 3173 4810 6868 9030 11523 13489 15464 17537 19998 22206 24612 26557 28717 31032 32870 34776 36785 38376 40111 41685 43652 45772 47495 49830 52165 53895 55787 57733 60033 62276 63665 65302 67272 68748 70669 72689 74691 76511 78274 80623 82108 84387 86077 88319 90519 92998 94925 96733 99155
957 3077 4777 6843 9009 11408 13394 15459 17514 19963 22122 24569 26532 28702 31026 32839 34741 36771 38254 40085 41606 43627 45719 47451 49773 52141 53846 55772 57671 60010 62258 63560 65245 67269 68713 70654 72680 74537 76473 78264 80567 82081 84298 85953 88303 90456 92947 94897 96731 99151
942 3035 4709 6698 8986 11390 13370 15369 17447 19956 22012 24471 26528 28669 30854 32767 34721 36767 38213 40008 41563 43585 45708 47387 49754 52127 53840 55765 57531 60006 62251 63549 65226 67230 68673 70621 72641 74506 76442 78257 80491 82051 84186 85950 88291 90400 92866 94877 96709 99095
901 3015 4701 6662 8951 11382 13356 15308 17424 19953 21959 24448 26506 28663 30845 32764 34673 36709 38119 39957 41560 43583 45693 47294 49697 52113 53802 55732 57524 59833 62175 63547 65214 67182 68655 70614 72613 74463 76423 78231 80390 82007 84149 85912 88275 90273 92818 94834 96686 99090
899 2998 4699 6608 8884 11370 13256 15302 17340 19950 21935 24376 26461 28498 30810 32755 34578 36521 38105 39784 41517 43517 45617 47277 49692 52086 53757 55707 57474 59809 62148 63522 65197 67172 68624 70611 72601 74457 76400 78189 80284 81968 84134 85751 88214 90225 92782 94785 96646 99037
885 2979 4571 6606 8858 11363 13189 15262 17339 19929 21929 24337 26421 28472 30702 32711 34505 36506 38098 39686 41485 43499 45608 47276 49681 52004 53740 55680 57463 59793 62121 63514 65124 67158 68622 70581 72539 74447 76375 78186 80266 81919 83969 85714 88192 90208 92736 94773 96627 98995
884 2970 4568 6365 8840 11257 13092 15185 17299 19848 21887 24281 26419 28461 30652 32704 34500 36496 38066 39657 41451 43494 45598 47117 49663 52001 53730 55624 57453 59787 62105 63495 65075 67094 68619 70484 72532 74422 76367 78130 80263 81916 83949 85688 88121 90094 92593 94746 96624 98989
856 2885 4511 6332 8785 11117 13081 15103 17295 19555 21873 24205 26399 28424 30608 32681 34458 36415 37932 39640 41361 43493 45521 47108 49575 51941 53680 55540 57452 59758 62056 63455 65065 67089 68598 70472 72460 74421 76356 78076 80220 81878 83907 85661 88119 90066 92553 94728 96606 98922
786 2768 4449 6328 8729 11088 13075 15077 17264 19486 21861 24189 26380 28410 30556 32680 34398 36411 37908 39596 41338 43385 45518 47092 49460 51936 53664 55377 57415 59749 61994 63439 65025 67062 68567 70462 72331 74413 76288 78049 80192 81839 83866 85643 87978 89947 92508 94715 96571 98902
751 2729 4393 6324 8712 11050 13072 15052 17224 19384 21857 24109 26337 28340 30524 32675 34380 36405 37864 39576 41280 43376 45235 47091 49408 51926 53659 55362 57398 59720 61964 63426 64926 67005 68542 70455 72244 74283 76276 77987 80164 81814 83822 85638 87922 89842 92366 94652 96568 98891
747 2697 4392 6317 8699 11011 12870 15026 17155 19361 21852 24108 26335 28318 30472 32640 34367 36395 37846 39551 41271 43350 45218 47043 49315 51921 53645 55325 57376 59700 61869 63367 64889 66982 68523 70448 72230 74262 76228 77975 80147 81806 83775 85622 87901 89787 92211 94622 96461 98824
701 2658 4352 6308 8643 10962 12861 15010 17118 19271 21840 24102 26260 28084 30410 32624 34333 36380 37840 39548 41227 43299 45132 47024 49292 51910 53642 55321 57355 59687 61845 63364 64849 66954 68490 70405 72214 74230 76211 77929 80134 81799 83699 85563 87890 89753 92175 94616 96425 98782
573 2625 4319 6298 8619 10824 12833 14983 17104 19162 21823 24057 26186 28044 30387 32585 34327 36358 37807 39459 41220 43244 45114 46918 49227 51882 53620 55256 57354 59645 61787 63339 64775 66943 68449 70373 72213 74152 76132 77860 80024 81776 83622 85512 87884 89692 92133 94491 96403 98711
563 2593 4202 6275 8611 10752 12807 14971 17096 19061 21822 23965 26181 27990 30354 32510 34311 36339 37790 39384 41211 43209 45113 46913 49153 51877 53563 55221 57336 59584 61704 63225 64763 66914 68427 70369 72119 74120 76116 77857 80004 81775 83589 85508 87871 89684 92064 94457 96386 98657
549 2504 4192 6243 8533 10631 12727 14963 17077 19029 21752 23959 26070 27856 30337 32435 34281 36335 37764 39382 41191 43155 45100 46907 49105 51822 53559 55217 57252 59567 61690 63168 64753 66830 68415 70342 72108 74108 76111 77824 80001 81712 83568 85497 87864 89641 92033 94441 96358 98630
518 2298 4178 6229 8532 10625 12703 14893 17019 18924 21591 23886 26065 27846 30325 32396 34277 36333 37748 39351 41086 43105 45079 46829 49092 51812 53442 55176 57127 59518 61689 63126 64718 66824 68357 70332 72086 74044 76104 77823 79933 81671 83554 85483 87846 89632 92030 94426 96228 98599
513 2280 4152 6205 8513 10531 12684 14792 16948 18908 21514 23863 26024 27756 30304 32387 34274 36291 37727 39327 41060 43076 45030 46812 49054 51750 53422 55152 57085 59508 61688 63096 64699 66810 68312 70205 72077 74030 76086 77820 79861 81651 83549 85388 87842 89579 91979 94380 96175 98588
437 2262 4147 6183 8485 10513 12643 14786 16863 18866 21503 23836 26019 27703 30081 32332 34237 36290 37636 39267 41047 43054 44930 46788 49048 51692 53336 55111 57055 59504 61645 63080 64665 66658 68297 70177 72049 73999 76079 77735 79772 81640 83524 85312 87792 89559 91957 94240 96035 98577
392 2251 4135 6077 8446 10421 12621 14776 16755 18849 21459 23814 26014 27702 30060 32263 34207 36249 37626 39247 41018 43018 44908 46777 48957 51677 53254 55092 57052 59474 61599 63060 64642 66619 68241 70174 71912 73966 75929 77702 79760 81624 83503 85308 87763 89547 91937 94208 96020 98545
353 2233 4128 6016 8395 10416 12559 14684 16705 18817 21452 23731 25990 27692 30033 32237 34205 36213 37625 39243 41008 43007 44886 46775 48955 51585 53252 55087 56908 59428 61570 63051 64548 66585 68226 70023 71886 73962 75908 77663 79623 81610 83485 85171 87762 89531 91934 94204 96010 98432
321 2180 4053 5992 8348 10346 12508 14656 16700 18815 21346 23684 25964 27691 29988 32228 34178 36099 37613 39233 40984 42970 44883 46704 48878 51333 53211 55049 56894 59404 61562 63021 64543 66563 68186 70019 71884 73951 75887 77632 79606 81601 83479 85147 87753 89437 91921 94163 95994 98425
297 2143 4050 5927 8297 10312 12458 14588 16687 18795 21251 23671 25945 27661 29967 32122 34156 36096 37609 39231 40966 42962 44842 46622 48803 51303 53165 55042 56886 59109 61511 63006 64536 66457 68168 70018 71877 73908 75883 77574 79598 81598 83474 85135 87745 89411 91907 94137 95988 98307
168 2138 4049 5825 8181 10264 12438 14581 16517 18683 21234 23656 25898 27651 29891 32094 34134 36044 37586 39179 40962 42888 44802 46615 48748 51294 53148 54951 56876 59046 61477 62949 64487 66446 68150 69898 71862 73862 75818 77520 79594 81571 83471 85094 87736 89390 91864 94088 95967 98226
162 2115 3984 5739 8161 10115 12409 14551 16506 18639 21206 23539 25869 27643 29872 32046 34121 35983 37568 39171 40944 42853 44778 46588 48676 51273 53109 54932 56804 59042 61420 62895 64456 66420 68131 69834 71758 73845 75804 77491 79563 81546 83458 85085 87654 89370 91822 94073 95959 98201
156 2109 3960 5736 8116 10046 12401 14550 16495 18621 21201 23473 25808 27555 29870 32000 34068 35849 37563 39024 40921 42723 44759 46555 48574 51254 53090 54917 56772 58996 61390 62883 64446 66404 68079 69803 71734 73828 75758 77466 79552 81541 83417 85077 87631 89295 91795 94036 95888 98173
139 2083 3899 5677 7930 10002 12392 14454 16471 18619 21108 23454 25762 27554 29858 31973 34067 35817 37499 39023 40867 42712 44750 46479 48558 51115 53085 54798 56747 58978 61179 62845 64437 66374 68060 69797 71687 73815 75700 77459 79483 81511 83356 85062 87629 89292 91761 93968 95811 98160
