50
1429 1427 1422 1409 1385 1300 1284 1275 1198 1137 1126 1117 1113 1097 1084 1060 1037 957 955 912 901 889 883 835 822 817 809 803 797 789 767 753 689 664 581 484 387 321 317 296 273 185 179 157 151 110 104 97 51 3
3556 3426 3376 3271 3269 3074 3040 3014 2954 2921 2910 2893 2871 2869 2717 2662 2527 2526 2492 2415 2347 2315 2308 2282 2279 2241 2235 2162 2150 2044 2034 1968 1910 1906 1897 1894 1875 1838 1767 1741 1738 1714 1687 1686 1675 1599 1595 1559 1464 1445
5512 5508 5458 5345 5327 5209 5146 5130 5109 5103 5084 5075 5074 5071 4983 4977 4957 4933 4895 4843 4808 4758 4756 4750 4678 4677 4674 4595 4534 4520 4417 4388 4370 4295 4235 4230 4190 4189 4188 4176 4134 4120 4116 3999 3977 3946 3868 3667 3588 3564
7871 7713 7686 7639 7569 7555 7492 7406 7395 7336 7309 7248 7207 7166 7112 7097 7081 6996 6942 6911 6892 6891 6859 6836 6789 6759 6673 6609 6608 6509 6494 6416 6381 6365 6304 6251 6229 6111 6089 6079 5991 5969 5921 5905 5807 5798 5741 5689 5687 5548
9633 9615 9585 9550 9545 9501 9487 9468 9423 9421 9388 9385 9359 9323 9293 9265 9259 9249 9228 9218 9217 9111 9109 9077 8920 8894 8846 8837 8776 8763 8687 8681 8646 8634 8633 8590 8560 8485 8471 8467 8452 8450 8435 8346 8310 8226 8193 8142 8138 8026
11295 11215 11186 11155 11145 11135 11134 11105 11060 11059 11053 10975 10947 10890 10860 10859 10821 10807 10781 10730 10671 10660 10649 10646 10645 10548 10541 10503 10468 10284 10276 10262 10232 10214 10199 10099 10080 10028 9963 9959 9821 9806 9801 9779 9722 9719 9703 9692 9660 9648
13659 13568 13550 13525 13483 13468 13400 13391 13249 13224 13214 13149 13025 13024 13004 12989 12861 12794 12780 12665 12654 12494 12429 12396 12337 12277 12269 12232 12222 12192 12144 12136 12115 12058 12042 12038 12024 12018 11979 11975 11809 11783 11716 11670 11578 11471 11438 11362 11352 11304
15971 15952 15921 15880 15834 15815 15736 15723 15702 15636 15612 15498 15478 15446 15387 15364 15315 15299 15083 15011 14994 14993 14967 14937 14864 14750 14742 14735 14723 14666 14570 14566 14489 14471 14450 14340 14286 14279 14242 14123 14085 14076 14035 13955 13900 13883 13808 13775 13740 13665
18128 18107 18082 17990 17988 17987 17981 17942 17929 17925 17914 17906 17873 17784 17780 17712 17702 17699 17628 17622 17540 17531 17520 17501 17468 17448 17374 17303 17226 17214 17197 17181 17097 17064 17008 16981 16921 16910 16813 16690 16682 16377 16297 16287 16282 16273 16226 16194 16128 15975
20037 20020 19877 19857 19852 19825 19818 19791 19690 19682 19680 19653 19602 19582 19511 19510 19490 19474 19471 19334 19252 19222 19213 19136 19056 19048 18918 18913 18782 18780 18767 18714 18698 18650 18645 18560 18518 18511 18497 18389 18378 18349 18339 18333 18329 18291 18277 18219 18201 18134
22061 22059 22058 22050 22043 21997 21949 21758 21702 21672 21667 21624 21610 21594 21575 21532 21526 21515 21511 21485 21461 21328 21239 21210 21171 21133 21114 21098 21046 20923 20835 20815 20801 20595 20586 20551 20445 20378 20363 20334 20332 20304 20232 20225 20170 20155 20146 20089 20063 20057
24047 23993 23983 23954 23878 23875 23812 23801 23783 23729 23680 23659 23657 23507 23474 23440 23413 23408 23390 23372 23370 23338 23308 23137 23043 22997 22974 22961 22903 22790 22774 22762 22720 22702 22577 22491 22466 22411 22385 22295 22265 22250 22245 22234 22224 22223 22155 22135 22120 22068
26170 26141 26115 26062 26032 26009 25993 25989 25980 25965 25932 25852 25820 25817 25769 25751 25687 25686 25663 25592 25571 25564 25362 25358 25279 25190 24982 24919 24894 24867 24866 24764 24735 24718 24654 24545 24543 24521 24472 24456 24427 24400 24395 24388 24357 24314 24212 24187 24131 24083
27904 27895 27828 27799 27779 27768 27766 27765 27726 27723 27720 27651 27602 27584 27581 27547 27475 27380 27355 27239 27216 27212 27198 27184 27063 26990 26980 26928 26926 26880 26834 26831 26808 26781 26740 26726 26578 26463 26456 26436 26417 26392 26386 26380 26375 26318 26260 26243 26185 26173
29660 29651 29624 29614 29580 29561 29553 29475 29465 29403 29174 29165 29113 29076 29061 29046 29021 28997 28933 28922 28884 28773 28771 28748 28722 28687 28605 28604 28597 28579 28566 28472 28459 28441 28434 28404 28396 28383 28341 28339 28336 28284 28252 28206 28159 28081 28074 28060 27925 27906
32274 32256 32204 32081 31984 31727 31691 31522 31472 31444 31436 31343 31275 31272 31270 31179 31170 31165 31098 30998 30881 30855 30820 30788 30705 30696 30608 30602 30505 30454 30436 30433 30426 30391 30353 30210 30141 30086 30061 30058 30048 30042 30026 30007 29990 29848 29844 29734 29695 29683
34253 34247 34237 34182 34135 34045 34011 33969 33961 33944 33898 33743 33649 33631 33615 33601 33598 33589 33548 33507 33468 33457 33361 33311 33260 33228 33194 33165 33148 33142 33137 33126 33039 32997 32960 32902 32900 32885 32703 32674 32626 32585 32560 32477 32465 32404 32402 32345 32343 32290
36951 36914 36868 36863 36597 36590 36534 36473 36472 36469 36314 36309 36172 36128 36101 36093 36058 36019 36009 35999 35961 35960 35943 35919 35842 35714 35708 35541 35515 35493 35452 35075 35066 35030 35011 35006 34950 34926 34885 34876 34782 34673 34650 34627 34537 34533 34532 34447 34368 34332
38717 38710 38697 38684 38662 38609 38434 38330 38324 38310 38240 38202 38184 38181 38033 38005 37969 37910 37884 37847 37785 37784 37759 37741 37728 37655 37612 37572 37563 37547 37535 37510 37486 37482 37453 37388 37384 37346 37336 37327 37276 37271 37231 37170 37061 37031 37014 36989 36972 36952
41135 41130 41118 41110 41104 41084 41077 41070 41064 41015 40980 40934 40893 40883 40846 40833 40830 40803 40760 40696 40680 40634 40597 40452 40402 40247 40225 40222 40167 40073 40072 40005 39957 39862 39858 39725 39664 39573 39515 39490 39486 39447 39183 39081 38974 38961 38949 38923 38775 38762
43057 42970 42935 42918 42899 42822 42693 42688 42672 42659 42619 42585 42504 42440 42358 42269 42243 42211 42162 42146 42109 42095 42076 42056 42027 41939 41918 41910 41781 41780 41769 41698 41685 41660 41641 41558 41499 41478 41477 41427 41396 41343 41338 41323 41239 41237 41166 41162 41160 41141
45309 45306 45242 45220 45190 45163 45150 45123 45065 45005 44991 44971 44936 44920 44900 44888 44837 44827 44754 44625 44438 44413 44374 44340 44208 44188 44160 44107 44099 44080 44029 44025 43961 43882 43847 43753 43709 43690 43644 43617 43573 43571 43551 43519 43511 43452 43356 43235 43216 43162
46813 46756 46740 46681 46657 46633 46610 46589 46582 46553 46533 46527 46502 46446 46398 46348 46291 46252 46227 46223 46205 46198 46079 45988 45979 45969 45959 45890 45872 45832 45765 45735 45678 45661 45642 45633 45621 45570 45564 45561 45548 45547 45506 45458 45448 45412 45402 45383 45369 45351
49522 49404 49283 49223 49208 49205 49151 49051 49029 48962 48914 48892 48817 48759 48738 48652 48604 48579 48575 48551 48502 48489 48467 48396 48367 48308 48174 48109 47982 47922 47817 47785 47784 47760 47648 47610 47595 47482 47464 47448 47391 47369 47340 47325 47313 47207 47140 47113 47065 46849
51087 51080 51025 50999 50997 50913 50911 50874 50869 50844 50821 50731 50728 50694 50669 50650 50596 50556 50549 50521 50485 50481 50442 50413 50406 50282 50272 50254 50215 50210 50186 50167 50160 50147 50139 50033 49998 49979 49945 49944 49939 49893 49840 49839 49801 49719 49717 49593 49572 49563
53473 53448 53385 53384 53360 53310 53192 53127 53098 53066 52996 52973 52951 52943 52917 52813 52804 52746 52711 52693 52691 52669 52660 52582 52531 52495 52454 52415 52397 52254 52206 52176 52129 52071 51893 51864 51862 51727 51717 51691 51622 51621 51542 51540 51465 51398 51287 51282 51164 51090
55208 55181 55138 55095 55047 55021 54899 54807 54782 54752 54721 54710 54700 54668 54667 54640 54616 54537 54524 54500 54492 54400 54397 54383 54356 54280 54262 54185 54182 54173 54168 54127 54123 54110 54071 54002 53969 53854 53747 53731 53676 53673 53609 53603 53584 53564 53515 53505 53481 53480
57169 57109 57053 57049 57044 56998 56963 56930 56888 56871 56866 56818 56794 56774 56697 56686 56657 56572 56569 56550 56520 56327 56256 56203 56197 56127 56111 55993 55984 55969 55890 55784 55773 55759 55743 55718 55709 55703 55652 55612 55602 55576 55437 55377 55372 55369 55328 55302 55296 55266
58945 58920 58890 58864 58858 58838 58812 58772 58651 58637 58618 58610 58597 58563 58542 58424 58412 58325 58311 58245 58201 58176 58170 58155 58069 58017 57961 57937 57934 57927 57901 57881 57847 57839 57810 57805 57798 57750 57652 57601 57591 57551 57543 57535 57524 57512 57499 57378 57285 57177
60574 60517 60500 60486 60471 60469 60465 60461 60446 60438 60421 60403 60372 60350 60285 60235 60228 60213 60187 60124 60110 60094 60074 60048 60015 59940 59918 59912 59878 59876 59817 59787 59743 59697 59631 59597 59556 59535 59514 59463 59408 59378 59372 59369 59321 59190 59147 59141 58996 58974
62680 62618 62594 62586 62542 62499 62497 62428 62408 62369 62363 62350 62345 62265 62228 62155 62122 62044 61984 61939 61905 61800 61753 61734 61719 61590 61531 61528 61481 61336 61240 60993 60959 60956 60887 60886 60851 60850 60844 60804 60794 60786 60773 60763 60734 60733 60724 60681 60629 60612
64952 64949 64884 64883 64854 64697 64696 64655 64654 64652 64643 64633 64630 64622 64603 64565 64538 64468 64419 64316 64310 64259 64229 64217 64155 64134 63995 63897 63880 63806 63688 63684 63653 63617 63549 63459 63453 63315 63208 63199 63036 63019 62910 62876 62746 62725 62713 62711 62710 62683
67075 67046 66964 66953 66930 66902 66881 66853 66832 66756 66721 66664 66654 66577 66530 66484 66471 66436 66398 66265 66252 66236 66231 66212 66134 66056 65926 65897 65868 65852 65731 65729 65693 65684 65674 65669 65659 65605 65562 65496 65468 65330 65269 65152 65104 65066 65049 65034 65029 64957
68759 68663 68593 68574 68524 68522 68498 68486 68340 68336 68220 68219 68192 68157 68150 68058 68001 67995 67970 67951 67873 67846 67823 67821 67790 67761 67709 67658 67633 67587 67583 67558 67542 67536 67530 67522 67506 67499 67464 67458 67413 67403 67346 67333 67296 67220 67177 67156 67119 67090
70703 70655 70590 70577 70570 70459 70457 70453 70445 70407 70404 70403 70396 70389 70333 70323 70272 70192 70029 70021 69939 69713 69671 69620 69596 69551 69535 69503 69501 69482 69452 69435 69399 69348 69236 69176 69135 69113 69103 69086 68992 68985 68958 68940 68937 68834 68831 68812 68773 68770
72621 72614 72512 72491 72424 72338 72331 72296 72268 72263 72233 72143 72142 72043 72034 72002 71998 71982 71976 71962 71665 71652 71633 71615 71578 71572 71526 71500 71498 71470 71433 71420 71402 71398 71382 71325 71219 71170 71162 71144 71135 71117 71035 71034 71016 70995 70986 70871 70851 70808
74793 74741 74695 74691 74580 74563 74527 74508 74488 74408 74367 74347 74286 74271 74232 74078 74041 74036 73934 73918 73906 73869 73787 73716 73705 73702 73685 73625 73585 73549 73453 73425 73305 73290 73232 73199 73159 73155 73149 73027 73020 72939 72936 72925 72848 72834 72831 72773 72726 72692
76479 76454 76408 76385 76359 76357 76356 76298 76247 76232 76214 76108 76017 75976 75974 75897 75896 75873 75857 75842 75839 75817 75805 75772 75758 75746 75709 75672 75670 75562 75472 75447 75408 75383 75347 75337 75310 75300 75274 75272 75241 75224 75158 75112 75089 75048 75042 75007 74982 74830
78251 78241 78215 78211 78138 78057 78052 78019 77979 77905 77897 77842 77805 77774 77756 77753 77720 77710 77695 77652 77642 77633 77607 77488 77445 77435 77407 77332 77329 77233 77195 77182 77170 77125 77073 76992 76985 76968 76804 76794 76793 76778 76729 76713 76704 76680 76676 76643 76641 76623
80260 80219 80202 80200 80134 80126 80097 80071 80017 79965 79956 79955 79844 79792 79739 79719 79696 79644 79604 79599 79570 79423 79401 79205 79156 79148 79126 79076 79056 79023 78970 78916 78903 78788 78706 78659 78650 78623 78562 78560 78555 78521 78497 78493 78475 78474 78456 78446 78427 78270
82836 82741 82740 82669 82590 82577 82481 82452 82449 82304 82263 82241 82188 82178 82133 82042 82000 81998 81962 81913 81909 81903 81810 81770 81618 81560 81532 81427 81398 81307 81266 81261 81026 81022 81001 80901 80884 80864 80786 80731 80601 80564 80546 80517 80442 80421 80405 80380 80290 80272
84567 84529 84493 84488 84450 84411 84373 84361 84317 84296 84288 84250 84221 84207 84198 84192 84180 84142 84116 84074 84042 84037 84030 84000 83906 83890 83792 83787 83770 83757 83656 83624 83554 83495 83459 83451 83434 83422 83391 83379 83367 83362 83322 83314 83177 83173 83156 83082 83056 82954
86209 86188 86175 86168 86088 85989 85951 85940 85935 85921 85874 85863 85807 85785 85757 85714 85665 85662 85656 85649 85618 85552 85431 85421 85400 85357 85346 85315 85279 85170 85149 85080 85077 85063 85046 85045 85042 85009 85007 84959 84867 84847 84843 84832 84744 84688 84638 84621 84608 84588
88235 88111 88064 88056 88047 88023 87987 87980 87959 87947 87927 87857 87821 87819 87689 87634 87630 87585 87568 87539 87349 87335 87289 87274 87224 87146 87055 86989 86931 86926 86914 86839 86831 86830 86744 86687 86647 86601 86584 86565 86564 86545 86526 86429 86320 86318 86298 86264 86258 86242
90666 90643 90620 90553 90552 90512 90453 90451 90328 90300 90298 90292 90289 90203 90130 90071 89890 89799 89767 89761 89722 89692 89625 89468 89458 89435 89371 89365 89179 89166 89142 89138 89114 89087 88984 88958 88935 88915 88667 88657 88650 88622 88613 88603 88598 88544 88530 88454 88341 88239
92952 92902 92894 92871 92867 92840 92799 92757 92735 92615 92528 92525 92420 92364 92275 92255 92126 92107 92048 92007 91997 91945 91809 91808 91791 91754 91661 91650 91621 91616 91572 91517 91511 91499 91461 91444 91429 91366 91362 91322 91317 91309 91262 91127 91066 91057 91020 91017 90923 90793
94538 94497 94489 94407 94392 94372 94335 94304 94289 94227 94160 94107 94030 94028 93813 93768 93728 93727 93722 93702 93681 93661 93645 93612 93593 93588 93573 93558 93502 93482 93466 93460 93434 93350 93347 93331 93304 93271 93254 93236 93225 93224 93219 93210 93181 93126 93089 93044 92963 92954
96364 96350 96341 96338 96272 96172 96161 96127 96120 96062 96055 96030 95864 95757 95741 95740 95726 95725 95706 95700 95695 95691 95479 95440 95436 95433 95418 95411 95402 95398 95354 95333 95299 95285 95281 95278 95261 95258 95231 95166 95159 95065 95046 95035 94987 94750 94726 94715 94671 94655
98180 98143 98128 98121 98114 98044 98043 98017 97998 97978 97968 97923 97873 97854 97851 97819 97774 97710 97679 97645 97517 97403 97398 97391 97386 97340 97300 97263 97257 97239 97231 97209 96961 96896 96864 96785 96743 96713 96692 96652 96613 96609 96607 96560 96548 96421 96398 96378 96376 96375
99999 99980 99949 99922 99913 99900 99816 99802 99760 99752 99729 99696 99694 99669 99668 99635 99630 99609 99605 99593 99561 99544 99538 99410 99404 99358 99310 99306 99280 99273 99257 99183 99142 99114 98966 98951 98878 98778 98710 98677 98564 98429 98405 98360 98343 98325 98300 98229 98200 98189
