50
99955 97724 95237 93323 90891 88600 86758 85339 83746 81720 79873 77819 75750 74170 71982 69587 67501 65838 63809 61567 59688 57622 55294 52862 50913 48150 46113 44320 42346 40628 38414 36842 34919 33274 31411 29158 27380 25195 23694 22140 20565 18638 16955 14554 11960 9726 7863 5841 3684 2042
99952 97715 95222 93209 90845 88495 86730 85298 83738 81671 79848 77760 75710 74132 71955 69462 67493 65837 63761 61544 59663 57602 55288 52839 50872 48073 46094 44269 42311 40579 38309 36741 34899 33260 31388 29130 27348 25091 23692 22129 20537 18490 16893 14525 11959 9651 7840 5755 3644 2020
99930 97628 95214 93172 90806 88359 86666 85293 83700 81652 79789 77749 75689 74086 71883 69451 67451 65815 63711 61525 59623 57509 55187 52826 50853 48063 46080 44217 42251 40506 38303 36672 34880 33251 31357 29119 27320 25009 23682 22087 20519 18320 16873 14468 11923 9621 7767 5748 3626 1954
99811 97616 95205 93079 90788 88321 86635 85284 83687 81605 79717 77715 75607 74040 71841 69371 67449 65742 63699 61473 59566 57465 55159 52825 50782 48050 46077 44201 42250 40456 38296 36658 34864 33186 31346 29002 27309 24992 23677 21993 20421 18298 16862 14457 11861 9554 7702 5734 3621 1872
99791 97580 95183 92874 90771 88243 86633 85260 83662 81595 79704 77714 75604 74001 71823 69366 67388 65715 63668 61424 59516 57445 55144 52771 50738 48019 46054 44170 42192 40446 38244 36569 34858 33057 31340 28969 27286 24957 23672 21971 20408 18289 16857 14306 11842 9526 7683 5675 3619 1810
99615 97568 95112 92747 90720 88222 86630 85241 83648 81592 79682 77692 75599 73937 71813 69354 67386 65675 63587 61423 59409 57398 55116 52769 50715 48009 46053 44076 42132 40438 38243 36536 34776 32993 31303 28921 27258 24943 23635 21943 20405 18208 16744 14303 11778 9517 7632 5664 3614 1784
99558 97534 95088 92731 90718 88209 86614 85231 83631 81493 79568 77682 75553 73922 71772 69353 67303 65670 63574 61375 59386 57395 55109 52709 50709 47980 46051 44070 42102 40162 38222 36531 34738 32923 31256 28760 27233 24932 23584 21896 20389 18197 16714 14206 11768 9516 7506 5574 3598 1774
99451 97345 95077 92710 90670 88205 86608 85229 83616 81481 79550 77675 75549 73897 71713 69324 67300 65622 63495 61368 59224 57375 55076 52693 50532 47955 45979 44066 42072 40089 38165 36514 34680 32902 31234 28758 27184 24819 23520 21830 20381 18193 16660 14183 11744 9501 7478 5572 3572 1757
99448 97320 95038 92706 90653 88076 86591 85213 83596 81454 79548 77660 75505 73759 71701 69301 67291 65593 63453 61250 59181 57303 54969 52651 50516 47949 45948 44063 42049 40081 38162 36464 34674 32810 31226 28752 27165 24811 23488 21814 20380 18192 16623 14159 11736 9417 7473 5376 3564 1734
99429 97305 95026 92684 90628 88067 86586 85179 83568 81446 79546 77638 75449 73648 71614 69288 67266 65577 63451 61211 59165 57294 54910 52566 50371 47945 45905 44061 42037 39986 38153 36427 34625 32798 31076 28745 27155 24801 23484 21785 20369 18153 16582 14145 11713 9392 7359 5331 3554 1728
99381 97144 94903 92649 90548 88046 86544 85172 83560 81399 79506 77610 75348 73632 71593 69270 67264 65469 63391 61191 59164 57152 54888 52552 50301 47919 45879 44038 42027 39937 38042 36407 34596 32761 31058 28716 27089 24707 23434 21763 20270 18146 16514 14088 11689 9379 7286 5115 3516 1667
99342 97105 94861 92642 90535 87916 86528 85167 83416 81347 79486 77499 75327 73614 71592 69220 67259 65454 63315 61187 59049 57142 54877 52548 50266 47906 45842 44004 42014 39853 38029 36290 34541 32713 31030 28696 27052 24701 23398 21735 20245 18107 16500 14005 11664 9342 7277 5088 3503 1599
99320 97074 94852 92619 90414 87892 86491 85105 83404 81342 79481 77355 75313 73574 71571 69192 67235 65422 63270 61109 58865 57140 54827 52506 50130 47882 45799 43982 41996 39797 38022 36279 34515 32662 31027 28673 26951 24686 23386 21689 20194 18022 16412 13932 11622 9269 7227 5080 3456 1579
99319 97008 94847 92606 90399 87853 86446 85099 83370 81289 79429 77335 75307 73522 71570 69024 67204 65399 63269 61087 58860 57139 54674 52478 50129 47846 45795 43969 41976 39764 37971 36232 34476 32614 30996 28644 26892 24685 23377 21649 20183 18004 16410 13916 11562 9265 7206 5057 3385 1566
99241 96839 94836 92604 90295 87851 86437 85029 83326 81243 79403 77255 75298 73489 71502 68986 67192 65390 63250 61083 58858 57082 54642 52463 50126 47822 45771 43922 41952 39740 37897 36165 34474 32585 30982 28586 26859 24640 23290 21631 20062 17999 16348 13790 11561 9053 7201 5036 3360 1481
99181 96743 94744 92586 90288 87848 86304 84997 83302 81236 79289 77187 75296 73444 71490 68955 67112 65364 63078 61076 58833 57027 54620 52281 50102 47819 45767 43908 41859 39680 37876 36156 34462 32581 30886 28548 26847 24619 23286 21598 20020 17988 16278 13749 11494 8993 7164 5030 3325 1446
99057 96613 94733 92561 90270 87834 86282 84950 83255 81233 79286 77183 75216 73412 71430 68864 67087 65217 63052 61070 58808 56995 54514 52265 50078 47748 45761 43786 41824 39675 37849 36130 34451 32559 30861 28543 26835 24617 23269 21597 19994 17957 16273 13709 11408 8927 7063 4960 3274 1403
99041 96602 94714 92544 90222 87737 86252 84918 83219 81210 79267 77145 75215 73383 71373 68837 67037 65203 63035 61013 58772 56898 54507 52240 50040 47667 45740 43706 41723 39659 37829 36029 34432 32555 30843 28506 26813 24586 23255 21581 19908 17949 16178 13650 11377 8923 6948 4926 3265 1228
98996 96580 94701 92513 90146 87698 86248 84912 83204 81181 79248 76999 75117 73304 71248 68682 67031 65163 62943 60939 58769 56823 54403 52222 49964 47642 45655 43684 41680 39597 37718 36019 34423 32540 30679 28485 26795 24472 23241 21532 19888 17933 16124 13577 11358 8910 6932 4878 3254 1203
98989 96573 94679 92506 90132 87691 86226 84889 83161 81145 79212 76967 75105 73114 71232 68651 66997 65154 62929 60862 58760 56761 54356 52206 49921 47619 45654 43680 41677 39572 37688 35943 34374 32524 30651 28347 26777 24449 23222 21508 19849 17917 16031 13545 11311 8902 6903 4861 3237 1172
98977 96536 94541 92489 90086 87673 86188 84847 83102 81088 79207 76964 75069 73107 71192 68646 66951 65143 62816 60842 58693 56731 54342 52186 49795 47551 45623 43642 41642 39562 37628 35889 34323 32506 30642 28266 26689 24420 23161 21504 19784 17888 16007 13528 11278 8816 6887 4846 3212 1140
98969 96511 94508 92445 90079 87665 86011 84846 83100 80954 79152 76958 75032 73098 71173 68637 66798 65125 62758 60802 58662 56722 54308 52061 49733 47525 45523 43576 41592 39541 37609 35805 34305 32460 30556 28238 26659 24416 23064 21447 19690 17884 15930 13518 11205 8800 6841 4694 3180 1129
98953 96501 94488 92428 89974 87632 85925 84804 83048 80932 79101 76922 74993 73092 71092 68556 66790 65107 62709 60776 58658 56604 54183 52017 49699 47431 45513 43573 41558 39531 37601 35787 34259 32397 30537 28206 26619 24415 23029 21404 19602 17876 15928 13505 11188 8795 6806 4671 3158 1120
98939 96354 94484 92411 89968 87531 85915 84793 82999 80917 79044 76799 74960 73052 70976 68514 66774 65019 62689 60761 58595 56601 54178 52005 49683 47245 45511 43570 41538 39338 37600 35764 34212 32364 30532 28200 26504 24385 22989 21377 19559 17866 15922 13432 11159 8789 6786 4658 3133 1114
98878 96243 94439 92375 89826 87530 85818 84744 82870 80910 78912 76794 74956 73041 70928 68510 66721 64967 62640 60727 58500 56531 54087 52001 49665 47235 45432 43544 41517 39328 37541 35736 34138 32351 30490 28194 26475 24379 22961 21353 19555 17818 15866 13310 11157 8775 6653 4653 3119 1112
98859 96236 94366 92071 89679 87511 85797 84703 82826 80891 78867 76762 74948 72969 70913 68477 66706 64948 62588 60716 58492 56527 54060 51980 49560 47216 45334 43510 41493 39268 37531 35722 34102 32239 30402 28179 26462 24356 22941 21327 19550 17788 15815 13303 11151 8766 6624 4621 3094 1108
98853 96164 94357 92057 89618 87430 85795 84692 82812 80881 78853 76707 74927 72968 70825 68431 66702 64929 62583 60644 58451 56493 54030 51903 49439 47203 45328 43412 41472 39263 37525 35703 34096 32195 30364 28150 26423 24297 22932 21275 19537 17762 15700 13244 11083 8741 6617 4620 3066 1081
98851 96112 94338 91997 89559 87428 85769 84612 82730 80779 78787 76610 74920 72963 70792 68412 66554 64913 62551 60602 58449 56368 54009 51895 49428 47177 45240 43387 41459 39242 37430 35651 34078 32191 30123 28079 26412 24202 22860 21248 19429 17744 15683 13234 10973 8737 6570 4542 3065 1063
98800 96101 94303 91996 89553 87365 85765 84584 82724 80746 78732 76581 74916 72939 70788 68254 66511 64860 62548 60595 58422 56351 53938 51886 49401 47071 45186 43365 41396 39241 37394 35633 34077 32175 30120 28038 26395 24148 22850 21121 19421 17646 15534 13057 10933 8735 6469 4511 3049 1061
98781 96067 94280 91954 89442 87327 85751 84563 82708 80625 78705 76543 74915 72893 70610 68250 66485 64695 62527 60566 58420 56345 53923 51743 49270 46963 45169 43353 41315 39176 37346 35631 34069 32070 30019 28033 26365 24117 22849 21081 19360 17634 15474 13025 10745 8677 6455 4494 3023 1049
98772 96037 94273 91911 89434 87317 85731 84512 82616 80619 78640 76509 74894 72869 70603 68208 66478 64663 62492 60471 58274 56316 53862 51736 49105 46955 45134 43243 41308 39141 37317 35612 34049 32056 30014 27952 26350 24116 22810 21076 19344 17594 15379 12906 10744 8618 6365 4466 2743 872
98770 96021 94198 91909 89422 87202 85683 84491 82601 80607 78516 76441 74892 72858 70595 68201 66467 64491 62442 60451 58267 56217 53824 51716 48937 46888 45113 43226 41300 39061 37298 35549 34018 32030 29980 27780 26285 24115 22804 21058 19314 17583 15365 12897 10677 8611 6361 4455 2692 784
98750 95973 94195 91889 89415 87199 85677 84420 82544 80601 78510 76370 74873 72845 70480 68195 66464 64457 62211 60439 58256 56197 53805 51574 48911 46849 45075 43222 41299 39041 37289 35536 33994 32008 29899 27779 26258 24087 22802 21044 19313 17582 15316 12875 10647 8557 6351 4392 2678 776
98739 95925 94059 91888 89407 87188 85670 84415 82540 80575 78492 76274 74871 72813 70424 68142 66405 64399 62192 60406 58246 56132 53759 51571 48910 46759 45045 43169 41275 39024 37279 35503 33926 31968 29864 27759 26235 24048 22713 21037 19266 17570 15303 12810 10642 8551 6299 4383 2671 749
98708 95910 93976 91810 89316 87185 85661 84380 82501 80513 78408 76210 74868 72781 70344 68081 66391 64332 62139 60367 58242 56058 53683 51535 48894 46667 45039 43162 41237 39011 37259 35448 33918 31966 29765 27720 26156 24039 22680 21003 19262 17548 15265 12765 10608 8534 6211 4348 2644 668
98679 95830 93952 91801 89289 87173 85658 84330 82465 80491 78392 76165 74864 72668 70189 68057 66360 64294 62132 60343 58229 56052 53599 51489 48873 46650 45008 43013 41219 38956 37251 35433 33872 31944 29729 27717 26115 24016 22654 20976 19240 17538 15064 12653 10598 8514 6198 4324 2562 606
98652 95750 93949 91792 89262 87151 85634 84301 82449 80404 78343 76140 74845 72646 70173 68046 66331 64273 62094 60341 58228 56040 53568 51454 48822 46536 44978 43004 41149 38944 37250 35424 33824 31860 29687 27687 26059 24004 22613 20818 19221 17528 15053 12612 10504 8481 6190 4305 2527 591
98603 95722 93900 91698 89227 87135 85622 84296 82448 80369 78323 76132 74698 72583 70112 67977 66239 64228 62057 60300 58178 56031 53543 51437 48817 46494 44965 42892 41132 38889 37249 35397 33758 31832 29679 27666 25962 24002 22498 20801 19174 17476 14948 12586 10450 8414 6092 4281 2524 446
98598 95672 93862 91428 89188 87112 85601 84269 82434 80334 78276 76081 74685 72559 70072 67928 66238 64216 62047 60294 58174 56021 53423 51384 48780 46467 44904 42791 41011 38876 37131 35318 33744 31811 29671 27660 25920 23955 22486 20798 19101 17459 14897 12534 10410 8270 6079 4277 2486 388
98558 95661 93776 91363 89161 87058 85560 84205 82415 80333 78270 75956 74665 72443 70049 67830 66216 64210 62024 60191 58115 55979 53398 51380 48766 46451 44866 42736 40992 38819 37122 35283 33711 31786 29627 27619 25858 23927 22453 20792 19018 17420 14895 12516 10276 8241 6028 4201 2468 380
98362 95658 93707 91359 89100 87047 85549 84157 82306 80310 78188 75926 74664 72411 69867 67829 66214 64202 61988 60172 58054 55976 53337 51347 48692 46446 44827 42719 40978 38812 37092 35275 33648 31660 29623 27614 25780 23886 22422 20719 18985 17366 14853 12507 10262 8214 6024 4193 2454 349
98330 95642 93673 91268 89090 87014 85500 84139 82292 80289 78177 75921 74609 72400 69863 67782 66198 64182 61966 60168 58042 55953 53177 51322 48657 46425 44795 42645 40965 38740 37084 35220 33623 31639 29606 27603 25727 23883 22361 20699 18945 17283 14852 12492 10219 8205 6017 4176 2389 324
98281 95601 93657 91245 89042 86969 85495 84083 82204 80208 78144 75918 74580 72333 69846 67753 66179 64164 61959 59974 58010 55923 53169 51251 48567 46423 44751 42637 40964 38736 37066 35207 33538 31625 29559 27582 25595 23859 22339 20692 18940 17268 14827 12486 10208 8166 6008 4129 2343 323
98280 95585 93632 91228 89029 86954 85486 84026 82179 80193 78143 75896 74488 72325 69779 67686 66151 64097 61931 59844 57929 55919 53160 51233 48550 46378 44694 42572 40935 38674 37050 35201 33526 31614 29532 27581 25594 23843 22332 20691 18871 17195 14817 12461 10177 8149 6001 3989 2321 305
98178 95575 93601 91178 89013 86920 85479 83992 82125 80192 78134 75887 74393 72147 69712 67679 66096 64078 61849 59833 57926 55893 53125 51228 48431 46361 44692 42558 40925 38664 37043 35166 33520 31612 29503 27552 25582 23828 22303 20686 18838 17165 14809 12451 10118 8099 5960 3974 2306 209
98133 95572 93598 91161 88984 86879 85410 83884 82118 80090 78110 75861 74335 72081 69661 67652 65974 64025 61813 59808 57875 55824 53097 51128 48428 46297 44661 42531 40919 38660 37005 35089 33404 31598 29501 27531 25536 23827 22263 20638 18823 17156 14800 12438 10112 8089 5932 3884 2292 149
97978 95532 93563 91015 88772 86871 85404 83872 81862 80020 78011 75858 74271 72043 69608 67608 65936 63917 61790 59776 57871 55674 52993 51102 48399 46239 44631 42494 40882 38608 36969 35060 33402 31579 29496 27527 25410 23784 22234 20633 18775 17074 14768 12418 10058 8030 5925 3836 2258 115
97828 95498 93494 91006 88686 86833 85377 83845 81843 80005 77959 75825 74259 72037 69606 67554 65902 63908 61726 59772 57827 55616 52980 51063 48369 46230 44442 42485 40857 38562 36953 35054 33382 31515 29371 27467 25369 23748 22228 20616 18672 17038 14748 12391 9916 7907 5899 3813 2190 97
97737 95488 93417 91003 88681 86799 85370 83796 81838 79958 77917 75762 74226 71991 69599 67545 65864 63902 61686 59719 57750 55539 52956 50966 48187 46215 44404 42446 40649 38542 36929 34997 33324 31488 29300 27446 25351 23727 22199 20592 18666 17033 14681 12180 9773 7903 5884 3780 2151 36
97728 95406 93336 90944 88677 86778 85359 83795 81740 79957 77832 75753 74224 71984 69594 67515 65841 63862 61666 59707 57737 55439 52902 50956 48174 46122 44353 42382 40631 38446 36910 34930 33323 31474 29298 27434 25323 23720 22182 20571 18654 16981 14676 12036 9731 7869 5878 3702 2094 6
