100000 100000 1000
91
166
171
252
439
506
598
839
944
1119
1143
1189
1201
1208
1263
1302
1580
1664
1957
2110
2436
2448
2560
2580
2723
2725
2884
2959
3180
3202
3232
3242
3441
3519
3595
3596
3830
3861
3876
3920
3967
3995
4046
4048
4117
4157
4205
4402
4413
4461
4470
4523
4535
4617
4656
4771
4784
4939
5195
5322
5349
5429
5448
5596
5655
5716
5783
6082
6105
6209
6376
6426
6498
6548
6704
6728
6782
6805
6820
6839
7160
7163
7262
7268
7289
7295
7345
7613
7747
7808
7954
8041
8411
8498
8763
8811
8892
8904
8913
8947
9143
9189
9197
9200
9208
9294
9410
9480
9568
9649
9685
9709
9987
10200
10230
10340
10426
10507
10515
10605
10642
10708
10721
10861
10900
11120
11231
11301
11347
11451
11502
11574
11603
11636
11641
11653
11860
11930
11991
12042
12349
12510
12588
12860
12962
12969
13025
13043
13074
13202
13212
13246
13275
13368
13484
13493
13618
13658
13673
13791
13820
13964
14100
14137
14288
14352
14450
14456
14533
14608
14709
14832
15005
15131
15277
15281
15695
15799
15955
16112
16456
16601
16627
16735
16772
16953
17051
17137
17254
17428
17622
17835
17895
17918
18053
18152
18226
18234
18242
18265
18362
18405
18425
18458
18522
18534
18600
18659
18802
18889
19121
19325
19486
19552
19579
19593
19670
19821
19913
19919
19989
20205
20208
20311
20334
20532
20657
20700
20702
20798
20893
20983
21085
21228
21269
21278
21434
21590
21730
22182
22200
22231
22544
22606
22648
22740
22847
22853
22997
23045
23074
23138
23167
23201
23206
23389
23465
23491
23696
23709
23763
23821
24081
24124
24205
24257
24381
24448
24471
24570
24739
24895
25032
25034
25416
25444
25637
26122
26187
26233
26248
26412
26526
26631
26645
26663
26675
26848
27159
27420
27536
27592
27629
27659
27687
27847
27912
27929
27962
28137
28223
28242
28333
28349
28550
28592
28841
28880
29198
29279
29380
29541
29686
29698
29731
29732
29735
30140
30148
30196
30208
30289
30429
30609
30714
30741
30804
30864
30867
30983
31104
31117
31222
31314
31363
31411
31535
31672
31816
32067
32092
32096
32149
32164
32167
32182
32379
32595
32640
32792
32839
32847
32883
33018
33045
33224
33268
33459
33518
33544
33651
33669
33710
33959
34068
34128
34136
34161
34259
34357
34435
34695
34774
34913
34947
34980
35134
35150
35181
35617
35668
35740
35781
35859
35940
35951
35972
35981
36213
36350
36384
36582
36645
36660
36666
36898
36902
37184
37223
37386
37625
37752
37966
38044
38266
38287
38362
38835
39217
39219
39592
39605
39700
39756
39915
40027
40048
40067
40196
40334
40341
40360
40361
40441
40466
40477
40562
40630
40655
40758
40905
40911
40932
40963
40978
41015
41207
41249
41284
41314
41588
41668
41705
41742
41838
41854
42060
42073
42134
42248
42335
42385
42493
42531
43113
43220
43279
43282
43401
43614
43916
43928
44023
44068
44192
44218
44286
44306
44477
44483
44613
44639
44906
45111
45122
45159
45264
45337
45420
45443
45549
45622
45740
46006
46097
46431
46435
46710
46764
46816
46861
47021
47102
47333
47434
47548
47935
47942
47959
48007
48021
48238
48262
48334
48445
48497
48605
48964
49102
49161
49178
49359
49450
49477
49484
49523
49606
49731
49803
49805
49930
50093
50116
50214
50410
50491
50501
50544
50560
50595
50741
51137
51317
51330
51375
51446
51598
51627
51711
51733
51845
51877
51884
51949
52106
52151
52295
52396
52658
52766
52768
52830
53007
53222
53364
53368
53549
53624
53677
53723
53777
53798
53860
54107
54195
54224
54400
54466
54572
54760
54789
54832
54860
54923
54981
55022
55045
55178
55574
55591
55618
55622
56229
56279
56305
56440
56537
56544
56564
56574
56632
56724
56835
56841
56876
57216
57296
57314
57816
58117
58152
58613
58632
58903
58908
58923
58928
58941
59050
59189
59207
59318
59456
59544
59575
59595
59602
59769
59890
59959
60017
60040
60090
60140
60398
60431
60491
60865
60878
61017
61272
61300
61399
61500
61569
61670
61712
61759
61787
61848
61954
62012
62647
62782
62917
63058
63177
63244
63320
63374
63553
63645
63670
64043
64209
64245
64253
64270
64457
64546
64578
64850
64852
64926
64945
65090
65421
65528
65647
65883
66046
66092
66128
66290
66351
66403
66502
66547
66570
66583
66803
67073
67121
67146
67272
67274
67461
67590
67616
67771
68004
68024
68069
68224
68230
68273
68284
68296
68382
68393
68411
68455
68539
68792
68817
68945
69132
69502
69518
69588
69701
69724
69862
69863
69868
69873
70029
70041
70176
70241
70262
70269
70295
70308
70309
70356
70576
70786
70896
70936
71042
71053
71162
71339
71477
71560
71564
71704
71833
71907
72305
72448
72479
72581
72694
72795
73142
73146
73334
73392
73472
73551
73578
73626
73856
73868
73890
73933
73935
73937
74078
74176
74204
74518
74660
74799
74815
74823
74827
74889
74931
74969
75110
75155
75170
75350
75686
75693
75708
75900
75926
76150
76428
76480
76518
77020
77131
77292
77335
77450
77580
77745
77771
77834
77897
78152
78214
78288
78290
78335
78404
78445
78459
78630
78687
79047
79234
79243
79264
79282
79385
79623
79792
79804
80054
80077
80151
80267
80287
80302
80318
80375
80392
80394
80442
80639
80740
80784
80883
80890
81026
81158
81211
81274
81511
81769
81819
82002
82032
82089
82292
82500
82670
83041
83320
83448
83473
83551
83619
83715
83829
83876
83925
84034
84051
84322
84327
84492
84590
84625
84665
84841
84943
85014
85101
85188
85455
85590
85637
85646
85722
85818
85842
85891
85983
86188
86245
86306
86703
86864
86910
86953
87273
87292
87424
87488
87525
87528
87568
87624
87654
87666
87681
87693
87696
87741
87853
87953
88007
88108
88211
88227
88343
88378
88380
88450
88588
89114
89200
89204
89356
89405
89408
89440
89490
89511
89524
89764
89819
89863
89900
89922
90217
90268
90408
90447
90551
90592
90600
90614
90632
90884
90942
90943
91046
91101
91233
91303
91573
91579
91627
91800
92492
92602
92622
92670
92703
92738
92977
93024
93079
93092
93290
94014
94258
94313
94457
94681
94704
94843
94846
94947
94969
95208
95301
95347
95366
95378
95577
95606
95617
95713
95769
95832
95840
95943
96104
96263
96315
96716
96719
96805
97088
97190
97383
97433
97666
97891
98220
98403
98553
98589
98627
98655
98723
98785
99165
99357
99930
99988
