10000 99999 1000
38
50
71
79
81
179
261
272
364
444
448
475
506
610
1270
1282
1405
1418
1940
2003
2054
2151
2195
2555
2689
2781
2844
2971
3053
3067
3121
3183
3324
3336
3373
3395
3508
3606
3671
3672
3728
3776
3867
4168
4268
4425
4467
4722
4980
4994
5120
5141
5143
5157
5325
5361
5549
5744
5792
5814
6052
6091
6103
6261
6399
6411
6586
6641
6865
6868
6991
7065
7200
7344
7404
7519
7559
7569
7587
7606
7644
7677
7840
7918
7924
7932
7960
8170
8297
8548
8589
8717
8808
8819
8857
8892
8899
9085
9199
9225
9384
9642
9659
9743
9766
9808
9867
10060
10130
10190
10201
10234
10300
10336
10348
10376
10447
10467
10562
10690
10751
10754
11015
11052
11456
11564
11654
11776
11791
11837
11889
12037
12290
12324
12342
12484
12493
12537
12729
12746
12962
13099
13174
13180
13498
13627
13638
14035
14161
14548
14562
14568
14628
14783
14794
14931
14966
15043
15277
15284
15340
15389
15560
15594
15705
15822
15869
15975
16226
16373
16484
16601
16757
16899
16945
16957
16987
17106
17132
17169
17385
17401
17434
17511
17604
17695
17848
17963
18072
18159
18475
18476
18694
18933
18948
18976
19052
19099
19155
19209
19245
19729
19761
19861
19929
20051
20078
20178
20270
20430
20596
20796
20831
20891
21088
21153
21155
21202
21205
21380
21384
21532
21634
21674
21680
21897
22279
22280
22345
22447
22524
22526
22586
22746
22759
22865
22991
23127
23139
23184
23185
23264
23406
23439
23443
23466
23733
23809
23885
23913
23917
23980
24071
24193
24233
24338
24491
24497
24867
24868
25285
25305
25365
25432
25496
25521
25811
26017
26547
26589
26595
26766
26881
26976
27106
27296
27569
27648
27738
27854
28073
28082
28106
28223
28353
28358
28360
28516
28548
28561
28588
28763
28777
28990
29064
29135
29198
29232
29378
29643
29647
29704
29823
29896
29933
30052
30142
30149
30216
30313
30359
30396
30475
30594
30674
30984
31230
31428
31717
31723
31802
31849
31884
31945
31997
32124
32272
32407
32478
32480
32527
32785
32838
32853
32986
33000
33059
33084
33095
33143
33296
33454
33555
33675
33762
33833
33840
34082
34100
34291
34302
34490
34793
34834
34873
34887
35107
35122
35419
35420
35462
35484
35825
35836
35863
35899
35900
36101
36151
36365
36641
36685
36709
36730
36756
37036
37072
37312
37444
37473
37696
37745
37819
37866
37955
38040
38088
38126
38164
38602
38757
38896
38999
39098
39101
39104
39112
39240
39320
39513
39549
39614
39882
40135
40206
40255
40257
40390
40509
40701
40855
41224
41270
41337
41402
41406
41429
41431
41755
41782
41789
42178
42187
42313
42418
42508
42543
42548
42563
42635
42665
42746
42903
42928
43015
43025
43116
43345
43400
43457
43461
43472
43675
43681
43687
44294
44343
44409
44499
44518
44544
44627
44650
44687
44693
44810
44845
44884
44957
45047
45085
45089
45246
45389
45399
45431
45457
45490
45515
45677
45680
45868
45938
46014
46037
46146
46176
46231
46324
46346
46432
46642
46769
46988
47173
47284
47305
47315
47451
47694
47813
47819
47942
48085
48271
48294
48484
48660
48683
48940
49042
49083
49426
49451
49541
49618
49687
49907
49961
50413
50513
50715
50748
50883
50964
51342
51474
51539
51611
51616
51627
51830
51964
51968
51998
52052
52066
52158
52496
52629
52741
53028
53140
53143
53222
53239
53434
53457
53501
53550
53567
53651
53785
53839
53868
53899
54087
54195
54323
54390
54391
54844
54969
55101
55198
55413
55569
55584
55641
55659
55720
55726
55736
55806
55829
55847
55862
55892
55893
56155
56370
56646
56673
56739
56766
56790
56843
56852
56984
57020
57074
57320
57379
57432
57472
57489
57504
57516
57535
57635
57657
57833
57875
57983
57991
58255
58288
58483
58534
58574
58813
59001
59113
59139
59156
59468
59560
59609
59671
59685
59769
59890
59961
59976
60180
60205
60275
60394
60399
60552
60564
60568
60608
60703
60749
60968
61134
61451
61696
61710
62158
62193
62249
62418
62555
62645
62697
62830
62909
62968
63041
63133
63221
63249
63437
63447
63457
63559
63582
63666
63790
63858
63917
63970
64073
65028
65082
65146
65269
65400
65852
65901
65970
66128
66140
66292
66301
66472
66479
66524
66601
66813
66908
66949
66969
67097
67153
67309
67375
67544
67800
67846
67944
68578
68731
68820
68909
68961
69230
69322
69490
69564
69580
69610
69627
69646
69693
69699
69746
69757
70027
70047
70210
70456
71017
71070
71104
71234
71322
71514
71551
71553
71844
72024
72043
72182
72208
72223
72233
72378
72388
72482
72767
72793
72884
73051
73107
73117
73194
73352
73368
73396
73504
73530
73542
73546
73979
73992
74183
74193
74327
74358
74498
74629
74709
74737
74911
74916
74959
74982
74994
75166
75255
75271
75355
75468
75623
75690
75784
76039
76057
76102
76287
76425
76448
76615
76636
76659
76859
76965
76990
77060
77148
77224
77357
77574
77579
77580
77670
77675
77681
77694
77744
77818
77845
77919
77966
78069
78109
78147
78209
78211
78220
78254
78314
78319
78384
78478
78539
78626
78649
78934
78995
79215
79225
79297
79390
79485
79725
79923
79967
80497
80503
80531
80535
80548
80618
80663
80749
80879
80968
81118
81236
81334
81338
81493
81627
81698
81751
81964
82029
82203
82504
82602
82603
82659
82678
82698
82918
82936
83008
83173
83305
83373
83654
83696
83746
83836
83853
83927
84065
84103
84139
84205
84449
84807
84870
84940
84970
85008
85040
85101
85203
85273
85329
85465
85470
85663
85708
85981
85986
86083
86089
86101
86107
86156
86225
86272
86305
86388
86438
86467
86536
86729
86748
86859
86901
86990
87069
87093
87280
87500
87578
87580
87665
87796
87797
87859
88029
88135
88241
88334
88493
88609
88650
88666
88751
88905
88951
89033
89083
89203
89589
89900
89958
89986
90037
90039
90046
90050
90135
90215
90380
90424
90577
90580
90680
90837
90861
91123
91208
91264
91417
91571
91636
91832
92081
92291
92418
92425
92498
92515
92631
92672
92825
93296
93398
93640
93670
93802
93820
93834
93938
94219
94624
94816
94826
95224
95299
95372
95434
95475
95736
95771
95822
95886
95939
96038
96256
96292
96408
96671
96704
96812
96967
97066
97130
97288
97461
97652
97662
97777
97917
98020
98042
98489
98524
98568
98666
98721
98795
98798
98910
98952
99401
99446
99534
99850
99907
99909
