1000 100000 999
197
231
259
466
497
638
692
1061
1091
1189
1206
1267
1341
1623
1698
2533
2751
2890
2914
3041
3097
3144
3233
3296
3338
3414
3594
3679
3681
3983
4194
4288
4313
4374
4691
4736
4785
4890
4907
5038
5215
5253
5344
5379
5415
5466
5662
5713
5855
5888
5919
6023
6082
6156
6223
6237
6541
6609
6641
6723
6804
7123
7140
7231
7309
7454
7533
7782
7915
8091
8144
8405
8527
8590
8878
9001
9045
9274
9279
9670
9783
9859
9896
9948
10020
10052
10140
10145
10265
10320
10328
10493
10610
10622
10758
10890
10993
11104
11129
11182
11276
11495
11521
11627
11635
11647
11739
11816
11925
11946
11996
12405
12417
12514
12520
12722
12759
12833
12965
12986
13035
13044
13262
13271
13488
13676
13690
13762
13775
13856
14036
14051
14220
14251
14314
14406
14483
14496
14524
14544
14586
14706
14739
15026
15150
15313
15346
15416
15685
15730
15827
15899
16027
16086
16182
16210
16281
16299
16309
16379
16511
16764
16820
16913
17124
17165
17231
17257
17395
17578
17585
17971
18162
18257
18276
18404
18456
18472
18590
18631
18693
18710
18825
19067
19410
19491
19537
19606
19623
19788
19935
19977
20073
20093
20203
20211
20268
20381
20438
20477
20529
20607
20881
20894
20916
21012
21048
21067
21115
21147
21154
21241
21253
21473
21522
21711
21791
21830
22072
22191
22218
22339
22482
22685
22715
22755
22846
23001
23032
23250
23305
23364
23500
23624
23812
23948
24214
24248
24282
24625
24747
24753
24793
24809
25065
25106
25161
25284
25603
25963
26041
26047
26130
26176
26437
26532
26587
26773
26775
26983
27025
27139
27153
27191
27211
27295
27340
27378
27457
27467
27529
27544
27636
27662
27669
27680
27709
27755
27774
27803
27844
27845
27903
27906
28037
28310
28480
28596
28731
28757
28939
29048
29083
29110
29127
29145
29487
29517
29746
29914
30000
30166
30193
30277
30291
30541
30896
31032
31200
31319
31394
31572
31663
31718
31884
31902
31942
32208
32408
32464
32572
32727
32786
32907
33017
33020
33151
33169
33180
33392
33485
33490
33552
33633
33656
33729
33805
33925
34010
34050
34210
34214
34239
34408
34418
34620
34840
34851
35189
35297
35331
35381
35394
35502
35521
35535
35594
35733
36059
36168
36200
36390
36459
36489
36553
36605
36647
36713
36963
37034
37112
37274
37473
37516
37715
37870
38038
38088
38131
38140
38324
38499
38570
38666
38689
38691
38761
38803
38985
39138
39272
39325
39351
39407
39632
39738
39741
40098
40351
40377
40444
40494
40502
40514
40580
40778
40829
40849
40851
40962
40997
41214
41321
41338
41361
41384
41457
41506
41597
41763
41770
41776
41917
42011
42087
42150
42291
42296
42327
42777
42963
42995
43066
43117
43159
43238
43264
43612
43639
43747
43831
44025
44126
44162
44418
44434
44526
44709
44910
45221
45331
45376
45488
45508
45675
45681
45726
45770
45983
46175
46256
46416
46655
46691
46791
46911
46913
46936
47073
47098
47169
47210
47284
47438
47500
47639
47733
47774
47924
47925
48003
48025
48152
48264
48318
48412
48446
48447
48522
48530
48565
48861
48878
48901
48946
48993
49179
49509
49849
49881
49922
49931
49941
49957
50232
50348
50421
50502
50619
50653
50677
50819
51045
51053
51081
51129
51181
51251
51301
51473
51489
51709
51854
51951
51954
52028
52071
52096
52258
52351
52505
52516
52625
52757
52763
52771
52789
52811
52833
52882
52934
52978
53138
53234
53363
53807
54018
54102
54198
54242
54436
54480
54507
54551
54582
54955
54995
55298
55376
56082
56212
56257
56310
56318
56366
56614
56684
56775
56783
57128
57179
57330
57420
57444
57445
57727
57778
57807
57982
58045
58089
58221
58464
58495
58596
58660
58695
58928
58945
59032
59159
59161
59209
59237
59321
59333
59715
59841
59918
59941
59965
59975
59989
60003
60039
60183
60202
60332
60408
60540
60605
60613
60728
60982
60989
61006
61026
61103
61224
61372
61452
61573
61712
61766
61790
61862
61864
61975
62218
62269
62287
62288
62394
62399
62714
62760
62773
62785
63028
63071
63382
63543
63687
63783
63855
63876
64082
64375
64376
64406
64748
64777
64826
64964
65054
65303
65362
65510
65880
66113
66129
66219
66223
66302
66515
66680
66757
66818
66830
66984
67111
67152
67182
67185
67345
67471
67518
67520
67631
67680
68000
68152
68269
68275
68311
68366
68381
68493
68495
68611
68823
68881
68945
69037
69229
69307
69330
69374
69447
69507
69588
69596
69601
70113
70127
70258
70301
70314
70370
70431
70442
70489
70517
70709
70859
71046
71049
71246
71367
71373
71375
71591
71614
71652
71768
71818
71922
72064
72191
72254
72344
72354
72381
72423
72436
72474
72622
72674
72682
72861
73081
73092
73114
73131
73133
73153
73225
73495
74192
74606
74873
74957
74970
74972
75210
75474
75533
75720
75795
75966
75982
76058
76125
76207
76265
76287
76364
76414
76506
76605
76752
76929
77131
77176
77218
77245
77274
77281
77299
77326
77650
77662
77673
77715
77761
77774
77841
78004
78420
78563
78582
78715
78732
78993
79045
79555
79684
80018
80038
80108
80190
80259
80343
80385
80427
80612
80613
80633
80728
80836
80838
80860
81112
81146
81163
81223
81386
81405
81424
81448
81524
81648
81701
81711
81865
81877
81923
81967
82114
82204
82205
82510
82651
82756
82772
82833
82925
83000
83048
83050
83063
83226
83290
83302
83382
83426
83473
83670
83861
83911
84425
84463
84492
84533
84538
84553
84560
84751
85268
85541
85561
85674
85757
85982
86121
86191
86193
86212
86293
86389
86394
86495
86553
86663
86809
86960
87041
87042
87071
87079
87226
87345
87358
87366
87481
87503
87573
87903
88107
88142
88414
88498
88556
89173
89577
89595
89672
89965
90139
90237
90248
90298
90435
90505
90721
91020
91024
91037
91390
91433
91457
91557
91607
91640
91757
91850
91940
91962
92046
92070
92149
92462
92542
92654
92658
92719
92738
92841
92855
92996
93045
93223
93364
93436
93470
93500
93533
93576
93780
93808
93822
93944
93964
94273
94312
94377
94431
94470
94601
94684
94812
94866
94988
94992
95282
95463
95611
95682
95827
95862
96084
96160
96340
96345
96348
96363
96409
96418
96449
96647
96723
96838
96902
96996
97156
97275
97401
97457
97564
97589
97617
97735
97804
97838
98230
98298
98302
98596
98809
99032
99115
99213
99347
99370
99394
99461
99485
99665
99938
