100 99995 997
23
210
241
445
540
551
575
656
783
825
912
945
965
1077
1183
1294
1596
1613
1738
1892
1933
1995
2071
2112
2232
2465
2502
2635
2763
2773
2787
2794
2851
3059
3153
3262
3307
3357
3498
3595
3642
3651
3750
3822
4024
4313
4475
4572
4696
4770
4851
4861
5172
5216
5333
5537
5538
5910
6036
6124
6138
6152
6211
6359
6441
6470
6586
6600
6639
6737
6827
6923
7121
7233
7357
7601
7788
8139
8251
8277
8380
8495
8538
8619
8704
8727
8766
8767
9066
9149
9181
9183
9278
9356
9606
9813
9821
9838
9853
10064
10222
10375
10381
10400
10422
10655
10749
10878
10926
10984
11022
11037
11102
11131
11370
11780
11922
12007
12064
12229
12330
12336
12341
12440
12580
13074
13092
13104
13137
13160
13452
13529
13595
13710
13773
13891
13900
14025
14042
14164
14169
14186
14397
14537
14595
14610
14648
14717
14828
14874
14979
15038
15072
15090
15212
15213
15228
15322
15414
15466
15539
15607
15639
15666
15839
16009
16250
16301
16414
16582
17032
17094
17140
17395
17403
17513
17549
17561
17570
17747
17810
17919
17966
18073
18310
18463
18726
18922
19002
19162
19207
19477
19483
19563
19636
19719
20222
20245
20315
20357
20450
20510
20873
20913
21050
21051
21098
21228
21388
21488
21502
21508
21587
21633
21709
21895
21948
22318
22347
22392
22419
22449
22738
22772
22923
23164
23303
23363
23382
23585
23715
23912
23934
23954
24003
24113
24189
24195
24289
24555
24663
24750
24840
24877
25243
25431
25751
25939
25965
26051
26252
26468
26674
26795
26809
26812
27040
27076
27161
27213
27252
27256
27551
27736
27991
28097
28207
28362
28378
28571
28818
28830
28893
29038
29182
29411
29538
29585
29862
29868
29924
29938
29962
29985
30095
30260
30447
30751
30765
30816
30855
30874
31034
31376
31429
31524
31720
31815
31866
32038
32203
32317
32320
32417
32543
32654
32667
32725
32856
32902
33119
33208
33215
33220
33298
33382
33400
33472
33503
33531
33550
33659
33768
34243
34319
34418
34486
34677
34699
34864
34897
34969
35269
35313
35415
35495
35526
35546
35902
35990
36030
36046
36157
36192
36223
36309
36532
36636
36698
36704
36737
36809
36858
36901
36910
37211
37287
37294
37389
37564
37727
37740
37771
37778
37919
38042
38177
38332
38346
38384
38401
38441
38569
38700
38779
38842
38888
38898
39002
39029
39062
39128
39247
39451
39476
39479
39497
39618
39712
39736
40221
40255
40382
40497
40596
40782
40852
40858
40966
41321
41340
41352
41611
41713
41884
42035
42096
42303
42352
42391
42397
42541
42638
42680
42858
42865
43040
43134
43149
43205
43230
43258
43259
43566
43568
43613
43802
43824
44007
44166
44243
44279
44330
44373
44384
44407
44528
44668
44715
44734
44828
44871
44933
44971
45011
45020
45038
45043
45185
45298
45384
45426
45518
45655
45666
45947
46254
46570
46609
46653
46886
46932
47198
47210
47522
47711
47727
48015
48027
48063
48113
48117
48270
48407
48447
48513
48711
48797
48817
48919
48927
48986
49001
49220
49264
49492
49738
49824
49864
49897
49937
49949
49956
50209
50307
50346
50477
50502
50642
50666
50800
50823
50832
50848
50851
51149
51200
51237
51362
51402
51463
51520
51680
51779
51877
52085
52129
52159
52169
52221
52285
52288
52304
52491
52502
52517
52805
52930
52961
53007
53049
53068
53132
53185
53220
53611
53652
53981
53987
54039
54074
54108
54171
54252
54433
54444
54499
54581
54696
54717
54939
55023
55332
55334
55474
55608
55639
55668
55831
55914
55989
56013
56024
56057
56298
56306
56518
56665
56713
56922
57177
57490
57517
57575
57608
57703
57756
57881
57890
58014
58179
58283
58518
58752
58938
59083
59285
59286
59470
59652
59768
59818
59939
59988
60003
60026
60247
60248
60348
60353
60369
60399
60404
60891
61018
61071
61484
61490
61600
61686
61701
61825
61870
62062
62622
62697
62721
62740
62837
62873
63253
63331
63339
63418
63499
63542
63614
63627
63628
63691
63700
63935
63970
63996
64000
64371
64450
64482
64676
64932
64952
65058
65154
65333
65372
65400
65571
65572
65692
65769
65775
65797
66057
66170
66470
66512
66598
66723
66776
66911
66961
66996
67052
67122
67199
67204
67246
67344
67363
67402
67568
67631
67666
67838
68438
68557
68576
68596
68866
68882
68980
69049
69114
69115
69165
69186
69365
69370
69508
69518
69526
69887
70076
70101
70164
70306
70378
70535
70566
70616
70687
70732
70760
71030
71051
71060
71333
71352
71412
71432
71444
71563
71778
71782
71830
71858
71892
71901
71942
71970
72032
72108
72773
72839
73097
73174
73383
73496
73522
73544
73583
73722
73737
73877
73878
74239
74292
74293
74350
74398
74403
74538
74643
74688
74738
74759
75289
75388
75526
75528
75741
75807
75858
75960
76061
76080
76100
76180
76252
76276
76289
76461
76762
76803
76912
76990
77024
77058
77245
77431
77853
78030
78224
78253
78316
78340
78379
78458
78474
78542
78544
78962
79114
79171
79196
79248
79426
79478
79534
79575
79582
79621
79649
79701
79871
80029
80111
80232
80384
80422
80535
80563
80664
80894
80921
81224
81321
81324
81377
81570
81650
81744
81948
82160
82377
82405
82508
82602
82603
82724
82735
82744
82745
82838
83145
83197
83203
83288
83304
83449
83583
83596
83677
83737
83842
83926
83969
84031
84287
84290
84524
84681
84702
84761
84800
85122
85141
85189
85272
85331
85405
85410
85551
85580
85657
85696
85819
85846
85883
85884
86073
86087
86288
86295
86365
86399
86400
86444
86514
86613
86690
86817
86820
86948
86965
86966
87031
87354
87395
87579
87680
87757
87813
87837
87892
88087
88162
88592
88627
88640
88665
88707
88905
88906
88953
88998
89012
89126
89166
89266
89403
89417
89504
89584
89705
89910
90190
90203
90302
90457
90616
90715
90974
91124
91567
91592
91662
92090
92235
92273
92376
92557
92680
92705
92729
92997
93146
93183
93251
93337
93353
93551
93584
93712
93741
93759
93791
93865
94127
94474
94563
94600
94628
94747
94989
95003
95171
95279
95309
95374
95375
95540
95649
95733
95756
95768
95797
96016
96026
96049
96091
96513
96563
96644
96748
96788
96862
96874
96969
97016
97126
97394
97412
97501
97504
97524
97573
97598
97788
97914
97986
97989
98018
98418
98427
98633
98673
98805
98947
99111
99138
99254
99371
99390
99590
99773
99856
