10 99990 998
2
43
116
136
817
818
862
960
1003
1100
1111
1224
1235
1236
1274
1324
1374
1647
1703
1759
1922
2292
2341
2558
2602
2694
2731
2810
2864
2900
2969
3127
3341
3414
3506
3838
3903
3918
3922
4061
4393
4412
4544
4627
4665
4708
5098
5113
5220
5295
5779
5783
5944
6219
6279
6342
6362
6482
6548
6660
6666
6774
6775
6907
6960
7023
7328
7484
7520
7674
7776
7821
7921
8143
8247
8271
8413
8613
8616
8775
8845
9091
9701
9775
10334
10413
10457
10564
10634
10695
10736
10900
10910
10945
10953
11004
11062
11158
11310
11331
11332
11388
11454
11689
11753
11844
11850
11879
12044
12213
12222
12283
12346
12547
12568
12712
12765
13108
13143
13178
13196
13256
13390
13405
13593
13682
13776
13793
13904
14266
14369
14407
14419
14462
14681
14687
14708
14771
14973
15115
15163
15180
15182
15536
15632
15793
15803
15913
15929
16113
16182
16341
16422
16546
16566
16779
16815
16913
17181
17289
17344
17384
17395
17555
17624
17804
17857
17919
17929
17988
18005
18230
18364
18667
18676
18973
18977
19082
19138
19293
19479
19565
19575
19610
19633
19648
19907
20215
20284
20523
20545
20642
20754
20782
21121
21127
21273
21275
21297
21324
21352
21388
21419
21632
21732
21768
21796
21817
21874
21977
21980
21989
21995
22005
22050
22061
22083
22090
22231
22244
22247
22346
22508
22894
22913
22997
23045
23054
23090
23092
23750
23884
24000
24018
24037
24044
24135
24188
24344
24422
24486
24502
24588
24825
25002
25018
25064
25157
25196
25210
25213
25497
25666
25947
26026
26166
26189
26244
26361
26379
26405
26742
26764
26901
26995
27009
27218
27295
27334
27486
27516
27537
27576
27581
27595
27668
27694
27703
27851
27904
28256
28310
28327
28359
28382
28633
28738
28894
28963
29066
29076
29149
29160
29313
29315
29363
29385
29587
29718
29777
30096
30154
30159
30226
30398
30447
30602
30693
30755
30787
30799
30810
30926
31074
31201
31250
31352
31362
31412
31677
31748
31826
31934
32177
32224
32250
32328
32354
32397
32513
32673
32797
32834
32899
32934
32997
33031
33080
33249
33627
33663
33757
33830
33908
33949
33965
34031
34058
34324
34505
34637
34684
34706
34865
34975
35072
35262
35420
35452
35702
35838
35846
36037
36051
36126
36389
36443
36853
36882
36954
36988
37004
37051
37217
37262
37269
37271
37443
37480
37527
37576
37589
37657
37765
37783
37831
37888
37920
37922
38172
38186
38297
38373
38473
38530
38669
38828
38894
38922
39104
39405
39499
40260
40302
40496
40514
40522
40593
40651
40670
40786
41163
41277
41528
41693
41777
41829
41835
41854
41882
41931
42050
42147
42170
42204
42223
42292
42488
42581
42642
42830
42864
42924
43035
43058
43213
43217
43377
43432
43515
43526
43633
43703
43717
44191
44206
44232
44623
44663
44826
44983
45036
45054
45115
45139
45237
45323
45653
45744
45832
45874
45961
46115
46142
46242
46277
46529
46669
46759
47026
47213
47281
47397
47539
47701
47765
48272
48314
48373
48384
48400
48447
48494
48530
48575
48640
48649
48783
48870
48884
48906
49082
49143
49179
49233
49452
49514
49659
49664
49763
49806
49839
49844
49852
50166
50298
50342
50365
50799
50850
50957
51426
51475
51657
51679
51682
51724
51739
51778
51824
52040
52041
52256
52341
52451
52511
52621
52647
52952
53207
53212
53253
53255
53355
53374
53514
53759
53832
53840
53914
54029
54157
54422
54438
54475
54561
54576
54594
54667
54713
54829
54846
55142
55203
55213
55232
55274
55437
55439
55482
55587
55678
55832
56045
56386
56432
56483
56519
56541
56619
56688
56692
56909
56922
56994
57034
57085
57095
57282
57292
57444
57521
57594
57604
57765
57956
58004
58027
58047
58082
58120
58144
58252
58332
58344
58808
58971
59206
59389
59564
59684
59699
60027
60067
60118
60188
60189
60265
60382
60459
60787
60918
61018
61117
61334
61518
61775
61993
62029
62112
62114
62189
62333
62345
62393
62456
62533
62659
62688
62834
62874
63921
64062
64091
64314
64552
64580
64621
64638
64760
64813
64836
64932
65096
65108
65169
65255
65293
65308
65343
65405
65483
65563
65887
65927
66009
66021
66067
66133
66180
66211
66354
66588
66681
66692
67156
67197
67273
67313
67360
67491
67551
67825
67845
67936
68071
68202
68228
68230
68273
68400
68466
68503
68634
68863
68951
69017
69077
69185
69210
69293
69384
69453
69567
69688
69770
69774
69898
70055
70059
70118
70298
70331
70390
70474
70644
70719
70758
70875
70906
71318
71375
71584
71591
71605
71639
72008
72092
72277
72286
72326
72424
72492
72590
72773
72881
73033
73303
73414
73553
73604
73641
73692
73738
73756
74036
74141
74277
74480
74492
74590
74613
74655
74774
74941
74947
74985
75050
75114
75120
75335
75363
75477
75806
75808
75818
75826
75857
76031
76035
76148
76281
76445
76579
76603
76723
76865
76868
77053
77108
77272
77432
77476
77600
77655
77749
77758
78004
78047
78241
78291
78407
78551
78718
78741
79021
79269
79548
79804
80106
80114
80190
80246
80535
80582
80718
80759
80769
80870
80881
80911
81135
81144
81149
81675
81726
81911
81915
82023
82233
82399
82518
82584
82600
82728
82768
82789
82793
82830
82834
82867
82967
83031
83272
83481
83529
83608
83660
83798
83806
83808
83882
83980
84110
84468
84739
84749
84758
84853
84938
85029
85107
85115
85118
85340
85572
85653
85718
85799
85849
85982
86075
86218
86232
86270
86296
86305
86329
86349
86455
86507
86522
86723
86861
86964
86971
86998
87043
87071
87195
87221
87289
87424
87545
87590
87619
87643
87749
87855
88010
88091
88160
88182
88269
88343
88353
88561
88600
88720
88769
88844
88898
88920
89102
89105
89190
89204
89237
89267
89555
89580
89766
89825
90099
90110
90118
90126
90150
90307
90600
90837
90840
90861
90973
91148
91180
91306
91603
91766
91802
91876
91973
91997
92056
92077
92082
92093
92290
92516
92735
92834
93097
93167
93211
93298
93314
93406
93420
93532
93704
93745
93806
93809
94033
94072
94169
94232
94441
94444
94749
94848
94883
94933
95061
95212
95732
95802
95925
95967
96000
96136
96161
96179
96233
96321
96333
96358
96376
96534
96792
96922
96989
97153
97180
97198
97226
97486
97520
97532
97730
97782
97838
97869
98284
98440
98520
98648
98736
98753
99146
99310
99621
99690
99768
99789
99811
99976
99979
