1 99991 995
193
269
276
346
348
388
432
475
635
703
803
980
996
1055
1089
1133
1166
1180
1212
1259
1290
1516
1581
1607
1681
1685
1827
1970
1975
2023
2290
2427
2564
2593
2666
2790
2922
2989
2995
3138
3155
3202
3435
3550
4231
4342
4806
5153
5324
5366
5517
5718
5941
5999
6006
6028
6060
6247
6309
6352
6620
6735
7024
7119
7158
7189
7399
7485
7598
7634
7646
7804
8093
8176
8259
8321
8637
8864
8986
9103
9119
9338
9434
9842
9874
9907
9980
10337
10468
10716
10724
10923
10992
11130
11355
11487
11598
11617
11626
11628
11641
11709
11832
11996
12119
12170
12225
12270
12276
12329
12356
12397
12471
12652
12714
12806
12972
13098
13109
13117
13118
13224
13238
13259
13286
13355
13491
13598
13734
13912
13973
14294
14377
14416
14465
14488
14679
14698
14857
14876
14928
15019
15072
15081
15118
15509
15617
15694
15728
15937
16091
16094
16215
16244
16345
16395
16435
16472
16695
16868
16903
17039
17395
17468
17497
17525
17571
17575
17698
17726
17778
17834
18244
18337
18377
18421
18497
18947
18977
19002
19272
19348
19393
19539
19616
19693
19807
20026
20102
20365
20414
20607
20710
20744
20758
20809
21048
21200
21202
21319
21452
21488
21513
21526
21593
21596
21691
21807
21890
21891
21963
22022
22102
22248
22354
22459
22548
22695
22770
22807
22822
22849
22884
22977
23055
23183
23233
23248
23373
23488
23673
23727
23940
24020
24041
24050
24054
24084
24106
24374
24462
24872
25202
25313
25324
25528
25529
25662
25675
25768
25786
26121
26255
26265
26389
26403
26513
26722
26872
26917
26938
27030
27294
27445
27854
27877
27921
27959
28073
28075
28122
28457
28648
28738
28804
29033
29053
29079
29093
29096
29130
29326
29386
29411
29471
29512
29525
29602
29822
29896
29979
30094
30098
30247
30251
30305
30311
30339
30358
30476
30572
30591
30629
30702
30833
31056
31108
31140
31283
31286
31456
31541
31763
31858
31980
32205
32369
32472
32632
32664
32730
32737
32750
32836
32850
32886
32949
33005
33022
33025
33071
33136
33720
33818
34102
34199
34212
34224
34245
34378
34399
34423
34459
34489
34574
34903
35078
35081
35195
35202
35208
35342
35361
35476
35515
35662
35672
35727
35796
35801
35835
35879
35914
35916
35934
35993
36222
36262
36311
36395
36526
36630
36676
37091
37148
37258
37436
37443
37466
37497
37532
37901
37914
37950
37984
38109
38145
38553
38557
38571
38646
38654
38780
38936
39013
39098
39184
39227
39236
39309
39411
39545
39582
39748
39815
39876
39877
39911
40105
40161
40178
40322
40360
40517
40654
40709
40723
40843
40883
41011
41095
41322
41341
41388
41391
41429
41540
41619
41704
41711
41906
41923
41948
41959
42042
42046
42106
42117
42236
42322
42475
42480
42642
42782
42861
43116
43144
43384
43559
43565
43573
43615
43692
43830
43923
43962
44049
44060
44192
44398
44487
44630
44687
44768
44778
44921
45185
45346
45608
45715
45761
45774
45776
46299
46313
46362
46465
46476
46565
46583
46713
46723
46870
46958
47074
47137
47146
47271
47880
47915
47933
47948
48274
48299
48584
48603
48645
48772
48995
49004
49045
49096
49123
49351
49371
49453
49574
49644
49770
49996
50068
50205
50440
50446
50515
50531
50599
50702
50710
50732
50984
51290
51318
51356
51465
51492
51527
51698
51707
52057
52084
52272
52302
52325
52445
52474
52655
53020
53044
53045
53187
53579
53608
53742
53910
53920
53965
54009
54065
54302
54316
54345
54437
54516
54668
54760
55059
55235
55256
55263
55304
55368
55405
55417
55464
55493
55520
55647
55656
55783
55905
56012
56177
56204
56209
56457
56608
56627
56757
56791
56974
57080
57275
57485
57721
58185
58293
58320
58333
58339
58397
58537
58796
58812
58860
59075
59123
59143
59257
59291
59459
59582
59634
59854
60146
60196
60325
60336
60374
60920
61021
61111
61170
61177
61304
61382
61405
61796
61860
61875
62069
62142
62167
62336
62346
62364
62491
62647
62680
62770
62784
62932
63000
63059
63076
63355
63397
63404
63501
63504
63544
63643
63993
64270
64349
64405
64606
64611
64668
64757
64915
64921
65008
65124
65241
65255
65282
65289
65416
65442
65533
65688
65696
65773
65803
65861
66057
66058
66141
66253
66294
66322
66330
66463
66490
66525
66537
66644
66803
66829
66902
66903
66953
67095
67136
67158
67182
67366
67417
67477
67736
67738
67820
67856
67873
68183
68359
68361
68574
68835
68854
68956
68985
69311
69366
69466
69600
69673
69773
69866
69879
69891
69895
69949
70297
70570
70592
70646
70697
70902
71110
71283
71312
71499
71528
71622
71789
72019
72292
72448
72541
72843
72900
72916
72927
73119
73188
73276
73388
73624
74072
74124
74139
74180
74201
74276
74285
74288
74640
74699
74813
74894
75401
75433
75481
75529
75549
75563
75641
75744
75831
75983
76129
76299
76347
76379
76380
76687
76886
76964
77044
77048
77091
77191
77238
77431
77499
77707
77774
78175
78222
78317
78414
78648
78675
78689
78918
79016
79097
79120
79162
79190
79203
79377
79455
79489
79523
79606
79917
79980
80048
80135
80261
80469
80705
80753
80896
80956
81019
81028
81150
81199
81239
81259
81310
81364
81385
81499
81526
81697
81749
81953
82091
82226
82259
82323
82343
82418
82501
82548
82585
82674
82754
82777
83062
83073
83185
83348
83401
83446
83646
83660
83781
83844
84055
84144
84222
84246
84464
84512
84537
84546
84578
84602
84638
84759
84812
84920
84924
85085
85124
85182
85199
85211
85229
85232
85235
85459
85613
85642
85645
85894
85909
86211
86224
86305
86440
86603
86624
86817
86821
86919
86985
87005
87053
87068
87091
87395
87466
87568
87579
88163
88184
88359
88381
88439
88583
88733
88915
89282
89385
89469
89496
89759
89848
89897
90010
90015
90243
90316
90437
90729
91709
91718
91739
91742
91853
92035
92131
92220
92315
92359
92544
92570
92805
92932
93249
93273
93398
93566
93688
93817
94007
94037
94084
94124
94253
94315
94403
94416
94470
94604
94667
94719
94734
94742
94850
95054
95164
95234
95356
95372
95459
95588
95643
95700
95770
95964
96223
96368
96479
96526
96626
96804
96906
96941
97132
97193
97232
97606
97682
97733
97808
97827
97842
97857
97929
98009
98010
98111
98238
98291
98515
98555
98931
99067
99193
99210
99223
99263
99388
99401
99626
99717
99980
