194 99373 1000
195
309
348
494
524
633
682
735
867
966
1090
1145
1305
1430
1540
1593
1689
1696
1853
2021
2186
2214
2324
2371
2518
2656
2837
3018
3072
3073
3190
3208
3259
3341
3505
3583
3624
3792
3960
4145
4319
4357
4383
4539
4652
4792
4893
4974
5098
5231
5419
5579
5721
5723
5854
5948
6113
6283
6435
6578
6618
6704
6772
6798
6920
7024
7174
7321
7479
7653
7665
7710
7870
7938
8110
8196
8223
8336
8389
8446
8609
8669
8811
8884
9062
9160
9200
9392
9490
9627
9723
9854
9865
9911
10093
10104
10154
10321
10350
10521
10620
10804
10908
11095
11193
11241
11416
11490
11642
11650
11742
11777
11922
12079
12183
12377
12560
12707
12886
13052
13113
13125
13139
13194
13209
13370
13492
13655
13711
13820
13822
13946
14001
14049
14122
14287
14460
14629
14801
14826
14909
15065
15196
15332
15495
15561
15703
15721
15912
16050
16200
16327
16400
16411
16559
16577
16723
16801
16982
16984
17178
17222
17249
17363
17443
17607
17760
17768
17943
18035
18150
18330
18458
18638
18739
18842
18948
19008
19118
19147
19175
19267
19431
19509
19609
19679
19842
19987
20092
20127
20257
20388
20512
20519
20575
20749
20890
20901
21074
21240
21316
21369
21472
21578
21624
21635
21739
21860
21873
21990
22070
22127
22280
22390
22447
22621
22655
22848
22982
23012
23082
23157
23202
23314
23351
23486
23588
23605
23697
23763
23778
23954
24040
24099
24278
24299
24394
24436
24585
24720
24812
24888
25039
25189
25335
25409
25456
25620
25699
25880
25916
26045
26096
26278
26468
26559
26688
26836
27005
27084
27160
27181
27237
27344
27412
27590
27641
27815
27893
27924
27955
27988
28132
28312
28349
28493
28524
28614
28754
28908
28923
29081
29252
29288
29387
29535
29704
29794
29922
29954
30105
30157
30289
30456
30545
30676
30774
30791
30983
31005
31128
31254
31293
31434
31549
31729
31802
31870
32016
32114
32264
32269
32301
32316
32377
32523
32571
32681
32786
32801
32837
32922
33006
33168
33344
33467
33526
33681
33742
33913
34058
34174
34184
34350
34496
34688
34810
34908
34937
35098
35182
35345
35362
35475
35554
35689
35779
35861
35967
36078
36269
36361
36461
36648
36717
36818
37009
37110
37177
37215
37407
37424
37586
37625
37661
37733
37769
37818
37871
37937
38033
38182
38358
38426
38466
38650
38654
38828
38836
38917
38984
39114
39279
39472
39508
39631
39783
39801
39916
39973
40018
40152
40322
40467
40619
40783
40834
40915
41079
41219
41391
41471
41616
41708
41731
41883
41993
42184
42350
42369
42553
42633
42712
42831
42863
42915
42996
43150
43337
43363
43382
43563
43593
43760
43856
43915
43954
44137
44221
44352
44391
44437
44540
44676
44754
44782
44940
45033
45103
45161
45178
45260
45272
45278
45309
45410
45598
45758
45951
46136
46219
46225
46415
46505
46555
46677
46824
46997
47046
47105
47292
47401
47420
47522
47592
47620
47623
47648
47812
47883
47891
48045
48182
48184
48234
48321
48378
48518
48676
48810
48871
48972
49141
49279
49329
49366
49557
49681
49690
49856
49963
50017
50042
50233
50391
50498
50515
50523
50662
50737
50867
50936
50972
51138
51309
51424
51445
51489
51534
51556
51739
51829
51947
52085
52130
52180
52360
52500
52654
52681
52790
52812
52918
52982
53161
53191
53360
53501
53588
53747
53792
53977
53998
54018
54155
54284
54395
54428
54502
54578
54692
54817
55011
55165
55255
55403
55466
55507
55633
55679
55820
55916
55917
56059
56221
56339
56358
56434
56519
56552
56571
56584
56696
56806
56821
56836
56994
57114
57157
57257
57292
57325
57417
57559
57627
57778
57781
57949
58022
58178
58282
58378
58522
58675
58778
58898
59092
59181
59229
59362
59430
59572
59625
59716
59870
59988
60002
60066
60107
60177
60350
60466
60509
60622
60681
60706
60721
60829
60891
61050
61103
61192
61255
61443
61626
61677
61711
61735
61855
62021
62068
62237
62339
62473
62635
62636
62767
62838
62906
62933
63119
63302
63476
63497
63557
63657
63839
63908
64054
64081
64243
64379
64406
64567
64659
64782
64948
65088
65199
65378
65477
65595
65748
65788
65882
65949
66083
66101
66165
66222
66255
66415
66507
66639
66662
66846
66952
67073
67149
67281
67346
67515
67526
67612
67630
67644
67764
67841
67861
67906
67983
68101
68225
68379
68520
68580
68740
68815
68853
68973
69167
69206
69255
69278
69459
69561
69717
69887
69922
70106
70168
70200
70285
70365
70451
70593
70622
70693
70760
70840
70895
71067
71141
71147
71211
71304
71481
71564
71632
71652
71832
72001
72005
72184
72371
72477
72526
72581
72757
72766
72926
73077
73123
73311
73362
73491
73653
73720
73842
73876
73947
74124
74286
74292
74357
74486
74622
74719
74908
74983
75045
75202
75274
75396
75535
75555
75741
75769
75868
75936
76105
76168
76268
76437
76461
76620
76685
76724
76789
76862
76897
77041
77131
77206
77247
77335
77415
77438
77556
77635
77692
77861
78000
78025
78209
78363
78482
78672
78730
78800
78874
78940
78978
79035
79155
79175
79320
79463
79612
79712
79722
79817
79839
79981
80123
80240
80285
80375
80461
80591
80684
80857
81024
81149
81279
81291
81449
81629
81669
81806
81855
81958
82031
82033
82042
82078
82175
82279
82455
82607
82701
82824
82923
83109
83153
83323
83412
83586
83672
83749
83838
83935
84014
84181
84254
84257
84422
84526
84698
84833
84875
84927
85021
85176
85342
85392
85522
85557
85662
85810
85840
85998
86161
86340
86362
86512
86687
86876
87038
87159
87239
87323
87479
87515
87637
87721
87832
87904
88048
88165
88295
88442
88594
88761
88818
88840
88906
88920
89046
89120
89177
89283
89432
89455
89605
89743
89812
89941
89997
90185
90260
90272
90380
90465
90645
90648
90804
90818
90946
91125
91285
91326
91487
91641
91773
91933
91973
92140
92277
92280
92447
92559
92668
92702
92780
92889
92975
93155
93265
93267
93378
93564
93658
93678
93700
93785
93798
93965
93974
94092
94260
94416
94575
94626
94780
94972
95083
95200
95255
95266
95446
95591
95702
95828
95906
95944
96010
96162
96264
96313
96354
96540
96547
96600
96744
96778
96895
96982
96986
97008
97046
97177
97245
97383
97501
97561
97613
97676
97713
97869
97990
98050
98188
98311
98377
98378
98406
98535
98565
98724
98728
98840
98889
98947
98961
98986
99024
99146
99218
99372
