195 99994 986
195
380
484
485
562
629
777
843
953
1046
1205
1223
1353
1407
1542
1629
1765
1934
2093
2132
2177
2288
2470
2548
2622
2738
2928
2950
3020
3083
3202
3206
3389
3404
3593
3663
3708
3888
4001
4102
4151
4304
4329
4475
4667
4822
5008
5144
5325
5399
5413
5463
5636
5670
5799
5938
6103
6246
6369
6470
6531
6624
6732
6777
6832
6834
6945
7038
7223
7313
7331
7442
7521
7626
7667
7776
7813
7998
8146
8284
8286
8316
8424
8478
8638
8797
8946
9002
9133
9221
9332
9416
9546
9701
9716
9891
9933
10072
10200
10281
10345
10462
10617
10792
10855
10926
10957
11011
11061
11104
11118
11308
11366
11466
11636
11773
11889
12044
12143
12297
12420
12592
12765
12787
12903
13063
13200
13337
13402
13561
13748
13896
13983
13996
14127
14289
14329
14406
14525
14693
14847
14863
14965
15080
15086
15239
15294
15323
15400
15410
15542
15573
15674
15865
15897
15903
15996
16152
16324
16473
16646
16837
16914
17076
17092
17273
17449
17535
17664
17675
17809
17813
17980
18159
18346
18450
18562
18740
18851
18874
19012
19147
19161
19258
19436
19626
19816
19941
20080
20096
20115
20130
20295
20373
20481
20607
20633
20708
20886
21058
21191
21199
21311
21364
21414
21418
21465
21530
21714
21863
22036
22138
22199
22239
22402
22421
22453
22608
22628
22720
22768
22911
22995
23027
23087
23127
23149
23212
23262
23299
23379
23393
23568
23677
23761
23768
23801
23944
23956
24068
24085
24186
24376
24560
24647
24713
24809
24948
25072
25203
25227
25329
25423
25481
25598
25692
25693
25759
25863
25880
26030
26051
26190
26299
26302
26308
26479
26611
26788
26921
27093
27163
27213
27329
27454
27486
27538
27583
27712
27814
27913
27948
28015
28124
28315
28374
28518
28653
28765
28941
29021
29153
29206
29297
29458
29634
29785
29956
30120
30270
30434
30514
30564
30732
30848
30861
30979
31057
31221
31294
31467
31640
31685
31727
31911
31914
32043
32141
32272
32293
32448
32537
32622
32789
32959
33016
33137
33158
33294
33342
33436
33523
33547
33732
33822
33860
33923
33934
33984
34014
34036
34230
34328
34451
34566
34598
34626
34813
34910
35059
35195
35267
35315
35346
35514
35685
35824
35987
36167
36204
36365
36472
36535
36559
36581
36669
36769
36881
36915
37025
37146
37275
37432
37467
37514
37614
37676
37842
37945
37992
38069
38148
38302
38320
38502
38533
38571
38747
38794
38932
39105
39145
39314
39413
39497
39566
39661
39825
39838
40007
40143
40161
40355
40440
40581
40773
40918
41045
41216
41310
41384
41546
41623
41768
41952
42095
42118
42207
42376
42444
42582
42676
42680
42746
42759
42800
42969
43062
43184
43189
43300
43487
43662
43725
43919
44112
44268
44442
44492
44636
44679
44816
44989
45087
45126
45173
45357
45364
45478
45579
45756
45885
45932
45998
46055
46168
46325
46352
46481
46634
46807
46892
47054
47070
47134
47308
47438
47466
47499
47608
47748
47868
47941
47961
48008
48159
48304
48396
48409
48563
48749
48781
48920
48976
48998
49003
49101
49175
49335
49401
49468
49542
49604
49707
49858
49903
49940
50109
50236
50421
50442
50471
50473
50656
50778
50918
50976
51157
51211
51362
51373
51449
51549
51691
51847
51929
51962
52087
52279
52427
52601
52717
52875
53040
53222
53400
53585
53695
53874
53928
54013
54113
54255
54398
54522
54615
54766
54850
54922
55001
55004
55193
55275
55423
55502
55549
55590
55696
55880
55994
56156
56265
56422
56567
56758
56868
56917
57009
57183
57307
57419
57561
57619
57698
57778
57832
57935
57947
58120
58128
58177
58208
58323
58372
58483
58624
58758
58838
58913
59062
59131
59190
59323
59461
59475
59498
59596
59731
59828
59985
60153
60166
60295
60459
60529
60556
60710
60795
60847
60915
60932
60955
61008
61170
61356
61531
61584
61709
61716
61898
61908
62043
62103
62178
62314
62407
62519
62575
62763
62867
62900
63035
63082
63144
63242
63333
63512
63635
63819
63863
63897
63967
63983
64108
64114
64304
64354
64412
64484
64503
64524
64595
64728
64886
65016
65199
65366
65541
65664
65710
65795
65870
65942
66126
66239
66350
66403
66577
66678
66681
66787
66973
67083
67190
67353
67530
67549
67627
67788
67898
68059
68098
68212
68316
68427
68620
68780
68782
68957
69055
69216
69267
69442
69574
69680
69866
69969
70137
70215
70246
70438
70603
70725
70747
70807
70942
70962
71109
71237
71297
71423
71474
71576
71614
71639
71688
71722
71752
71815
71929
72068
72241
72337
72381
72542
72648
72839
72974
73119
73141
73335
73378
73472
73628
73726
73851
73959
74004
74041
74179
74205
74309
74501
74512
74654
74750
74781
74902
75056
75209
75402
75481
75640
75681
75842
75943
75984
76144
76287
76360
76480
76599
76612
76787
76955
77026
77157
77256
77292
77469
77557
77589
77684
77858
77870
77961
78141
78178
78240
78409
78491
78524
78567
78635
78788
78955
79141
79174
79220
79259
79415
79553
79740
79810
79934
80102
80207
80291
80309
80474
80656
80799
80859
80944
80972
81064
81218
81324
81346
81481
81556
81589
81655
81818
81961
82079
82123
82191
82282
82460
82527
82602
82756
82819
82995
83188
83282
83428
83498
83531
83582
83733
83804
83805
83902
83953
84042
84106
84286
84457
84471
84522
84564
84639
84786
84841
84852
84977
85152
85206
85394
85562
85633
85651
85811
85973
86161
86212
86396
86451
86585
86678
86738
86742
86781
86871
86942
87075
87103
87242
87248
87278
87446
87638
87683
87693
87868
87898
87987
88029
88041
88100
88186
88228
88377
88403
88421
88526
88648
88696
88793
88794
88829
88866
88982
89124
89140
89226
89411
89554
89578
89673
89679
89842
90007
90108
90250
90402
90572
90763
90860
90916
91062
91203
91311
91440
91494
91556
91573
91760
91947
92113
92206
92304
92482
92553
92735
92879
92889
93037
93067
93177
93209
93360
93510
93704
93818
93848
94042
94166
94175
94191
94373
94523
94614
94711
94887
94949
95067
95161
95316
95427
95574
95729
95920
95921
96056
96079
96143
96186
96234
96308
96389
96430
96564
96625
96718
96791
96905
97097
97285
97355
97498
97533
97685
97777
97791
97854
97975
97990
98080
98184
98243
98402
98526
98678
98790
98971
99130
99211
99297
99393
99534
99603
99771
99879
