195 97386 1000
196
200
358
514
600
738
906
1086
1145
1215
1232
1400
1542
1605
1666
1697
1755
1806
1899
1917
1992
1995
2057
2153
2161
2194
2325
2356
2393
2441
2531
2555
2588
2624
2781
2884
2902
3072
3249
3266
3449
3576
3762
3904
3983
4114
4287
4389
4544
4722
4803
4936
5085
5092
5129
5182
5264
5308
5443
5616
5620
5632
5636
5776
5923
6024
6108
6239
6346
6500
6686
6844
6987
7142
7206
7250
7362
7497
7650
7683
7851
7938
7944
8053
8237
8369
8545
8664
8705
8857
8922
9044
9059
9103
9193
9289
9418
9449
9634
9721
9813
10004
10182
10200
10334
10502
10628
10690
10793
10940
11019
11024
11078
11137
11219
11277
11300
11384
11560
11605
11712
11895
11968
12146
12149
12196
12314
12393
12575
12689
12768
12913
12984
13001
13136
13223
13299
13439
13588
13605
13746
13752
13820
13967
14153
14271
14389
14474
14590
14639
14824
14827
14880
15045
15194
15315
15398
15515
15638
15678
15696
15830
15904
15958
16061
16094
16112
16256
16449
16638
16666
16776
16955
16992
16999
17153
17238
17311
17397
17419
17593
17715
17894
18072
18113
18282
18472
18542
18650
18839
18968
19057
19221
19379
19544
19728
19772
19964
20101
20213
20387
20576
20760
20810
20940
21019
21147
21148
21300
21431
21582
21742
21896
22084
22224
22292
22324
22457
22526
22533
22583
22703
22855
23007
23026
23169
23223
23279
23329
23464
23569
23732
23783
23919
24035
24061
24218
24266
24403
24444
24447
24459
24628
24784
24851
25046
25220
25315
25493
25642
25674
25801
25937
26001
26126
26244
26386
26509
26537
26621
26641
26671
26682
26815
26945
27085
27151
27168
27267
27362
27424
27579
27762
27932
28012
28072
28196
28391
28405
28486
28541
28713
28821
28916
28982
29067
29198
29222
29404
29543
29738
29801
29810
29971
30040
30095
30253
30275
30385
30432
30528
30644
30708
30819
30859
30943
31062
31141
31232
31266
31455
31546
31610
31625
31689
31769
31899
31934
32015
32192
32222
32375
32492
32607
32637
32741
32849
33006
33114
33309
33320
33405
33510
33591
33728
33891
34044
34157
34235
34280
34308
34442
34511
34523
34544
34552
34691
34699
34744
34786
34931
34937
34967
35114
35282
35425
35451
35507
35582
35708
35803
35836
35979
36004
36172
36335
36391
36575
36662
36841
36899
36954
36959
37000
37135
37145
37241
37288
37447
37594
37707
37774
37839
37884
37905
37965
37985
38092
38192
38350
38376
38509
38585
38627
38733
38928
38962
39020
39067
39240
39345
39528
39603
39657
39694
39724
39888
40009
40193
40289
40406
40431
40513
40604
40654
40781
40953
41023
41187
41330
41505
41524
41551
41652
41824
41990
41992
41995
42163
42279
42452
42478
42637
42682
42874
42882
43033
43137
43311
43460
43586
43673
43692
43799
43933
44111
44127
44146
44317
44463
44631
44700
44789
44886
45078
45229
45419
45480
45599
45767
45899
46033
46106
46107
46214
46386
46513
46515
46516
46559
46697
46826
46965
47051
47159
47352
47365
47502
47555
47640
47746
47877
47964
48141
48148
48316
48446
48615
48625
48666
48670
48772
48861
48947
49038
49116
49277
49459
49512
49527
49544
49670
49783
49861
50015
50071
50159
50227
50405
50596
50685
50770
50821
50999
51032
51214
51267
51396
51583
51702
51870
52016
52092
52141
52232
52293
52301
52368
52390
52484
52560
52699
52847
52909
53017
53105
53256
53430
53624
53628
53737
53789
53975
54027
54221
54388
54511
54593
54616
54699
54871
54934
54946
55078
55263
55351
55544
55622
55657
55699
55705
55887
55918
56022
56029
56120
56248
56432
56454
56514
56612
56739
56834
57005
57193
57285
57338
57347
57500
57541
57631
57635
57790
57876
58032
58100
58295
58490
58648
58731
58884
59056
59132
59201
59237
59294
59313
59411
59591
59693
59699
59853
59986
60027
60181
60186
60274
60354
60396
60512
60544
60725
60887
60939
61091
61164
61193
61247
61249
61258
61282
61462
61623
61750
61903
62047
62105
62144
62178
62282
62382
62468
62533
62685
62810
62858
62936
63129
63288
63305
63485
63592
63697
63718
63751
63920
63922
64087
64169
64355
64485
64583
64588
64675
64826
64869
65017
65156
65267
65279
65390
65418
65557
65585
65636
65664
65822
65946
65981
66002
66028
66128
66172
66193
66288
66419
66575
66589
66772
66869
66963
67040
67151
67184
67359
67403
67440
67466
67467
67651
67808
67812
68007
68043
68162
68317
68402
68481
68601
68602
68660
68685
68788
68951
69111
69303
69418
69543
69590
69660
69669
69746
69901
70074
70159
70279
70402
70522
70540
70584
70699
70756
70779
70966
71029
71084
71258
71304
71499
71601
71626
71680
71762
71858
71864
71886
72020
72157
72291
72362
72375
72469
72554
72669
72778
72791
72899
73033
73043
73238
73315
73433
73448
73643
73777
73874
73996
74163
74296
74486
74598
74741
74797
74836
74935
74980
75053
75081
75243
75386
75482
75533
75542
75631
75756
75925
76076
76170
76197
76294
76436
76452
76575
76583
76589
76629
76658
76731
76921
77007
77080
77180
77374
77497
77614
77640
77695
77833
78015
78152
78340
78500
78540
78555
78709
78766
78855
79014
79129
79276
79374
79504
79659
79847
79931
80050
80181
80325
80518
80524
80604
80775
80814
80859
80947
81092
81257
81293
81303
81474
81539
81626
81807
81888
82018
82153
82198
82329
82339
82465
82569
82633
82638
82710
82816
82965
83015
83135
83311
83427
83533
83712
83857
83937
84007
84060
84216
84387
84518
84584
84733
84753
84863
84969
84995
85128
85157
85288
85401
85561
85688
85772
85807
85948
85994
86092
86212
86270
86439
86605
86627
86635
86687
86854
86880
87068
87090
87249
87326
87334
87425
87434
87573
87619
87770
87887
88012
88073
88135
88251
88431
88573
88744
88861
89013
89190
89239
89349
89396
89413
89533
89703
89768
89822
89966
90149
90167
90174
90236
90335
90435
90467
90615
90661
90797
90883
90996
91004
91132
91323
91332
91363
91440
91579
91617
91635
91771
91796
91958
92135
92163
92175
92231
92307
92323
92436
92476
92620
92676
92734
92771
92798
92949
93050
93168
93291
93431
93446
93615
93720
93768
93795
93874
93950
94067
94186
94261
94455
94537
94673
94742
94759
94819
94914
94916
94973
95125
95140
95298
95429
95451
95624
95722
95875
96004
96036
96115
96263
96284
96387
96549
96598
96652
96778
96933
96948
97132
97147
97329
97344
