199 100000 994
70
224
245
392
467
476
577
707
867
1038
1116
1264
1272
1460
1500
1694
1867
1949
1960
1996
2038
2108
2165
2245
2437
2523
2625
2654
2720
2721
2898
2958
3011
3182
3325
3500
3529
3689
3764
3813
3970
4107
4239
4398
4417
4507
4624
4705
4861
4996
5138
5335
5424
5601
5749
5884
5893
5981
6113
6179
6218
6354
6447
6542
6637
6822
6940
7116
7193
7315
7338
7368
7376
7564
7573
7641
7657
7808
8002
8174
8321
8503
8640
8746
8846
9030
9155
9314
9462
9589
9748
9784
9794
9927
9974
10032
10137
10260
10387
10427
10555
10735
10889
10935
11037
11055
11181
11331
11362
11463
11499
11614
11747
11867
11894
12027
12128
12320
12472
12555
12597
12794
12819
12920
13118
13206
13223
13415
13436
13462
13626
13682
13808
13977
14097
14204
14346
14405
14577
14764
14778
14844
14926
15063
15186
15326
15401
15498
15690
15789
15830
15926
15951
16127
16193
16268
16438
16598
16764
16904
16980
17162
17227
17248
17427
17467
17504
17573
17677
17731
17819
17989
18059
18196
18225
18409
18463
18571
18661
18768
18796
18958
19019
19021
19141
19147
19284
19411
19445
19480
19615
19798
19822
19871
19999
20006
20110
20167
20360
20486
20523
20630
20807
20919
20924
20961
21152
21183
21337
21435
21612
21716
21822
21975
21983
22060
22151
22206
22287
22445
22523
22532
22640
22663
22793
22850
23048
23243
23263
23360
23368
23524
23719
23767
23771
23966
24029
24129
24297
24485
24501
24594
24670
24768
24872
24898
24926
25048
25162
25348
25394
25532
25607
25627
25733
25927
26084
26273
26290
26351
26506
26549
26590
26669
26713
26806
26994
27064
27143
27182
27316
27452
27535
27692
27815
27928
27996
28024
28167
28321
28370
28372
28551
28602
28699
28884
29038
29044
29068
29243
29303
29490
29657
29769
29796
29985
30059
30236
30308
30357
30363
30469
30560
30726
30853
30860
30885
31020
31132
31186
31200
31370
31396
31411
31564
31581
31623
31801
31802
31979
32121
32146
32281
32465
32482
32580
32662
32771
32874
32922
32937
33048
33062
33197
33286
33443
33566
33680
33719
33884
33934
33980
34127
34301
34302
34500
34654
34732
34749
34929
34971
35151
35335
35513
35630
35820
35982
36083
36088
36109
36223
36336
36353
36428
36518
36703
36807
36838
36916
36947
36976
37088
37261
37427
37598
37734
37892
38063
38084
38266
38336
38507
38666
38789
38938
39014
39064
39127
39141
39247
39287
39414
39416
39516
39535
39540
39558
39645
39825
39975
40142
40332
40397
40500
40510
40586
40587
40636
40803
40848
41002
41152
41338
41436
41593
41678
41693
41746
41924
41953
41974
42063
42149
42304
42487
42509
42697
42763
42935
42953
43005
43017
43137
43208
43363
43402
43470
43535
43604
43754
43853
43965
44137
44195
44225
44413
44567
44734
44883
45058
45130
45306
45474
45664
45745
45928
46074
46125
46157
46282
46397
46524
46613
46699
46862
46876
47055
47197
47385
47551
47688
47800
47804
47852
47987
48017
48192
48275
48336
48468
48647
48705
48706
48856
48868
49062
49222
49279
49469
49646
49677
49749
49765
49788
49943
50055
50073
50131
50201
50304
50387
50515
50655
50832
50989
51079
51253
51382
51419
51535
51563
51726
51879
52033
52222
52304
52429
52454
52512
52516
52587
52757
52774
52940
53074
53201
53274
53315
53368
53418
53492
53627
53797
53972
54139
54311
54491
54595
54728
54926
54934
55054
55139
55260
55269
55388
55475
55658
55677
55818
55983
55997
56075
56163
56250
56276
56371
56374
56557
56623
56772
56950
57027
57213
57307
57450
57546
57584
57715
57873
57956
58008
58112
58300
58402
58420
58537
58586
58640
58646
58774
58844
58846
58972
59141
59159
59271
59422
59491
59673
59710
59840
59921
60073
60108
60161
60344
60382
60428
60533
60717
60855
60972
61020
61088
61178
61290
61391
61486
61552
61646
61725
61833
61921
62045
62228
62309
62386
62450
62516
62591
62713
62846
63023
63101
63266
63450
63479
63607
63727
63824
63860
63889
63954
64065
64256
64315
64346
64507
64645
64658
64666
64821
64985
65138
65316
65320
65460
65560
65578
65747
65771
65829
65987
66119
66148
66199
66336
66367
66492
66670
66819
66985
67143
67292
67481
67607
67627
67741
67761
67949
68005
68054
68160
68226
68263
68437
68611
68792
68913
69090
69186
69278
69440
69492
69688
69700
69732
69781
69815
69906
69988
70096
70156
70187
70373
70468
70647
70669
70844
70937
70949
71034
71085
71127
71160
71204
71327
71487
71505
71529
71668
71675
71716
71745
71943
71998
72021
72114
72165
72213
72355
72492
72642
72797
72808
72824
72950
73096
73215
73296
73445
73481
73530
73558
73598
73737
73867
73973
74077
74262
74311
74432
74629
74715
74841
74869
75027
75066
75211
75314
75328
75375
75518
75629
75649
75717
75761
75885
75934
76123
76215
76382
76552
76564
76672
76835
77020
77218
77397
77524
77654
77844
77937
78029
78162
78327
78380
78518
78524
78710
78742
78873
78950
79065
79191
79295
79468
79496
79683
79874
79927
79993
80067
80136
80320
80489
80602
80638
80759
80873
81036
81146
81182
81302
81409
81494
81504
81531
81590
81650
81841
81931
82002
82085
82166
82285
82382
82514
82683
82744
82784
82878
82901
83025
83108
83188
83360
83547
83580
83650
83727
83892
83987
84123
84308
84372
84565
84654
84827
84974
85172
85334
85516
85559
85735
85902
86011
86202
86368
86417
86448
86564
86735
86821
86833
86964
87145
87311
87442
87630
87737
87856
87890
87958
88093
88205
88232
88278
88320
88478
88586
88714
88850
88876
89022
89197
89280
89368
89412
89547
89692
89829
89833
89946
90023
90163
90248
90264
90271
90319
90355
90452
90642
90714
90901
91007
91058
91133
91277
91366
91424
91587
91591
91669
91780
91919
91981
92095
92184
92320
92435
92542
92653
92719
92727
92735
92781
92971
92981
93003
93010
93079
93160
93352
93462
93493
93618
93728
93778
93812
93831
93875
94067
94186
94318
94513
94536
94636
94749
94802
94868
94903
94988
95093
95132
95174
95264
95290
95376
95495
95597
95740
95794
95905
96009
96111
96254
96302
96336
96469
96544
96569
96610
96726
96804
96889
96962
97076
97129
97141
97245
97370
97503
97600
97793
97944
98067
98254
98350
98418
98615
98706
98886
99013
99158
99192
99269
99361
99365
99420
99603
99702
99800
