200 100000 984
79
145
228
233
302
385
544
607
773
857
884
1040
1237
1417
1533
1631
1696
1765
1820
1937
2056
2169
2279
2438
2499
2640
2802
2970
3008
3176
3298
3455
3605
3718
3758
3953
3981
4056
4105
4156
4178
4272
4347
4504
4526
4570
4622
4661
4810
4905
4922
4940
5114
5306
5316
5506
5507
5570
5652
5677
5716
5915
5931
6088
6244
6261
6448
6466
6551
6581
6616
6687
6762
6846
6974
7025
7087
7250
7283
7385
7541
7594
7666
7806
7978
7979
8100
8286
8399
8443
8546
8596
8683
8806
8863
8896
8969
9123
9256
9283
9353
9393
9524
9650
9756
9922
10105
10304
10379
10544
10618
10623
10673
10725
10863
10892
11041
11043
11114
11234
11296
11321
11494
11543
11627
11797
11956
11989
12054
12176
12250
12418
12535
12665
12775
12930
13066
13119
13160
13206
13326
13519
13555
13585
13642
13710
13805
13999
14149
14211
14335
14378
14528
14645
14833
14858
14972
15023
15221
15296
15491
15568
15578
15762
15917
15935
16013
16030
16133
16246
16308
16309
16407
16568
16602
16756
16776
16778
16859
17051
17167
17182
17360
17482
17553
17567
17709
17904
17987
18154
18347
18461
18566
18607
18633
18665
18761
18881
18964
18997
19101
19293
19452
19626
19642
19715
19773
19899
20045
20200
20202
20386
20403
20502
20537
20593
20681
20759
20938
21024
21062
21140
21293
21303
21487
21679
21776
21946
22099
22217
22292
22456
22651
22842
22947
23079
23224
23334
23456
23652
23676
23818
23918
24036
24188
24350
24440
24612
24615
24678
24768
24837
25033
25065
25204
25262
25356
25458
25598
25720
25752
25790
25853
26038
26047
26099
26203
26231
26270
26340
26357
26494
26655
26759
26941
27081
27166
27199
27365
27554
27697
27740
27763
27951
28070
28159
28283
28385
28555
28726
28778
28861
28957
29136
29304
29387
29441
29512
29578
29710
29894
30057
30070
30229
30361
30466
30489
30516
30598
30782
30816
30821
30835
30996
31114
31202
31394
31580
31735
31848
31930
31982
32059
32216
32270
32404
32546
32632
32733
32920
33113
33261
33401
33522
33529
33609
33678
33786
33806
33933
34056
34111
34167
34240
34273
34284
34307
34335
34492
34563
34662
34697
34878
35023
35088
35264
35373
35520
35633
35767
35911
35912
35992
36083
36116
36179
36321
36493
36536
36732
36860
37040
37218
37379
37574
37619
37672
37691
37819
37915
37924
38065
38214
38331
38513
38578
38679
38837
39016
39036
39223
39269
39366
39484
39570
39738
39906
40014
40037
40077
40120
40191
40210
40246
40324
40515
40668
40863
40917
41065
41160
41215
41230
41270
41460
41583
41602
41661
41777
41912
41940
42059
42238
42409
42418
42541
42646
42698
42897
43031
43158
43241
43258
43275
43306
43425
43602
43603
43714
43884
44018
44203
44328
44394
44400
44579
44612
44799
44821
44939
45006
45124
45198
45208
45273
45359
45497
45626
45753
45835
45964
46108
46125
46220
46412
46535
46645
46757
46952
47116
47300
47490
47642
47716
47733
47793
47853
47990
48120
48286
48455
48542
48680
48820
48986
49141
49302
49491
49590
49774
49946
50082
50227
50406
50444
50446
50635
50709
50803
50886
50899
51031
51098
51272
51453
51576
51607
51665
51721
51914
51952
52101
52221
52369
52560
52652
52765
52954
53027
53226
53263
53443
53492
53646
53733
53822
53995
54095
54146
54326
54422
54540
54609
54639
54734
54794
54874
54922
55056
55101
55209
55390
55456
55648
55820
55992
56159
56230
56369
56429
56566
56579
56678
56687
56693
56863
57025
57147
57228
57416
57513
57691
57734
57919
57993
58044
58098
58241
58440
58531
58594
58620
58790
58864
59045
59182
59278
59334
59487
59650
59838
59854
59977
60132
60245
60277
60455
60511
60620
60677
60802
60919
60944
60982
61150
61208
61290
61330
61362
61433
61533
61711
61779
61814
61841
61877
62038
62175
62302
62454
62522
62575
62654
62716
62757
62780
62793
62943
62963
62997
63069
63160
63307
63370
63435
63562
63696
63788
63809
63870
63976
63989
64076
64197
64303
64371
64396
64429
64490
64568
64604
64685
64815
64953
65104
65117
65229
65269
65377
65477
65636
65802
65903
65911
66087
66243
66295
66310
66466
66535
66687
66870
66877
66979
67136
67249
67327
67330
67407
67533
67589
67782
67976
68112
68161
68283
68319
68347
68543
68586
68733
68776
68914
69026
69135
69262
69449
69530
69584
69772
69865
69922
70074
70217
70404
70574
70746
70904
71018
71063
71177
71267
71457
71519
71631
71636
71699
71705
71840
72008
72196
72359
72477
72540
72737
72884
73046
73199
73213
73249
73303
73409
73537
73703
73860
73941
74115
74259
74315
74479
74539
74563
74745
74755
74858
75053
75250
75359
75457
75629
75807
75821
75827
75922
76109
76301
76375
76444
76456
76623
76676
76769
76877
77027
77213
77317
77393
77549
77723
77734
77875
77897
77936
78053
78070
78187
78274
78424
78571
78595
78742
78862
78918
79101
79241
79284
79311
79347
79374
79383
79392
79457
79617
79653
79810
79924
79958
80010
80186
80221
80256
80448
80481
80549
80581
80770
80802
80914
81097
81214
81404
81600
81687
81814
81996
82009
82160
82166
82202
82330
82347
82426
82448
82455
82652
82676
82744
82852
82974
83026
83037
83189
83370
83539
83637
83835
83904
84068
84226
84312
84458
84631
84657
84758
84780
84823
84936
85105
85199
85313
85440
85617
85731
85906
86001
86119
86129
86206
86298
86405
86414
86548
86602
86770
86922
86935
86960
87033
87155
87210
87382
87417
87610
87649
87815
87931
87990
88077
88245
88392
88481
88545
88630
88685
88729
88782
88876
88916
89083
89180
89258
89384
89525
89699
89796
89819
89857
89972
90125
90235
90305
90323
90391
90433
90470
90497
90689
90733
90748
90899
90900
90977
91133
91313
91462
91648
91765
91920
92098
92154
92254
92283
92322
92480
92491
92507
92614
92747
92873
92917
93090
93188
93221
93380
93424
93591
93693
93775
93785
93926
94107
94278
94447
94585
94701
94737
94772
94868
95055
95237
95417
95611
95798
95958
96006
96174
96216
96353
96420
96543
96739
96887
96989
97068
97213
97328
97355
97478
97586
97738
97928
97994
98126
98212
98357
98414
98451
98560
98691
98708
98844
98905
98931
99052
99139
99183
99241
99265
99373
99482
99564
99631
99653
99800
