201 100000 987
86
139
252
365
427
567
761
956
965
1066
1153
1308
1419
1539
1555
1751
1897
1989
2019
2033
2217
2250
2414
2470
2574
2595
2682
2864
2943
3032
3151
3227
3283
3464
3542
3676
3735
3755
3893
3945
4084
4206
4248
4279
4408
4554
4567
4725
4778
4972
5008
5088
5260
5284
5465
5473
5558
5570
5602
5737
5919
5956
6040
6234
6319
6459
6503
6544
6547
6716
6866
6896
6954
6992
7119
7180
7317
7447
7497
7673
7866
7987
8181
8265
8313
8410
8574
8639
8759
8948
8965
8987
9056
9209
9341
9413
9459
9556
9604
9707
9729
9856
10000
10040
10121
10206
10376
10392
10527
10535
10723
10738
10744
10750
10935
11118
11185
11270
11386
11535
11610
11735
11865
12003
12144
12189
12271
12312
12319
12411
12516
12671
12791
12948
12986
12987
13026
13144
13156
13346
13495
13677
13725
13858
14022
14220
14403
14415
14536
14698
14851
15024
15085
15205
15214
15236
15372
15456
15476
15571
15673
15780
15971
16124
16142
16217
16298
16324
16424
16473
16557
16629
16693
16868
17030
17225
17380
17382
17516
17524
17709
17786
17815
17950
18143
18150
18328
18354
18380
18447
18537
18552
18603
18713
18815
18940
19083
19209
19334
19477
19525
19705
19865
20005
20163
20223
20417
20554
20561
20736
20910
20949
21079
21275
21403
21427
21511
21559
21689
21742
21911
21938
22118
22123
22205
22278
22455
22593
22715
22887
22968
23081
23162
23332
23528
23609
23659
23691
23769
23889
24007
24194
24307
24344
24418
24532
24574
24715
24848
24858
24924
25051
25165
25192
25343
25454
25491
25638
25691
25745
25902
26012
26091
26238
26265
26417
26591
26597
26632
26798
26931
27100
27259
27403
27470
27579
27602
27729
27907
27934
28126
28294
28395
28486
28519
28652
28663
28796
28863
28940
28987
29179
29235
29333
29490
29643
29720
29895
29904
29932
30126
30170
30357
30534
30586
30770
30877
31075
31158
31190
31322
31392
31464
31601
31694
31760
31816
31817
31911
31938
32055
32136
32218
32365
32429
32510
32708
32796
32925
33120
33223
33230
33308
33362
33490
33511
33618
33684
33818
33990
34041
34152
34301
34380
34547
34710
34841
34852
35015
35092
35256
35388
35539
35618
35725
35886
36067
36261
36365
36546
36676
36761
36806
36859
37026
37118
37313
37485
37640
37656
37774
37862
37897
38061
38087
38145
38306
38384
38389
38586
38739
38877
39061
39199
39383
39420
39536
39597
39662
39690
39728
39875
39901
40058
40095
40129
40247
40323
40519
40629
40740
40909
41048
41145
41301
41370
41485
41605
41640
41660
41688
41722
41738
41806
41879
41920
42113
42266
42345
42377
42456
42512
42549
42737
42920
43119
43156
43182
43261
43432
43618
43762
43942
43965
44045
44123
44273
44296
44457
44500
44599
44747
44823
44844
44990
45187
45358
45524
45583
45628
45779
45912
46078
46092
46145
46196
46308
46341
46458
46522
46596
46755
46879
46957
46962
47080
47122
47202
47231
47283
47296
47471
47514
47625
47691
47870
47943
48072
48206
48322
48370
48497
48552
48719
48775
48839
49008
49057
49074
49223
49422
49531
49572
49688
49721
49851
50035
50130
50294
50459
50574
50640
50786
50931
51006
51083
51244
51391
51479
51670
51687
51847
51914
52111
52159
52270
52367
52523
52573
52769
52967
53082
53209
53226
53403
53563
53653
53769
53955
54127
54137
54258
54391
54575
54747
54890
55008
55121
55207
55228
55410
55517
55660
55679
55859
56053
56247
56398
56546
56646
56698
56868
56953
57085
57277
57420
57556
57650
57778
57939
57943
58019
58079
58144
58288
58375
58555
58699
58881
59050
59244
59289
59357
59369
59484
59539
59716
59811
59827
59888
59923
60074
60144
60324
60329
60422
60508
60687
60763
60829
60937
61120
61146
61261
61444
61522
61636
61638
61729
61748
61899
61900
62005
62116
62128
62241
62375
62454
62490
62667
62833
62918
62979
63087
63118
63144
63334
63340
63497
63653
63736
63767
63804
63880
64006
64141
64156
64344
64345
64464
64482
64590
64664
64848
65015
65043
65154
65190
65229
65417
65433
65503
65540
65610
65732
65787
65976
66006
66051
66131
66286
66360
66425
66566
66748
66919
67001
67058
67087
67218
67356
67401
67549
67581
67607
67802
67947
67955
67957
68065
68241
68265
68297
68439
68504
68510
68626
68790
68863
68957
69096
69196
69249
69374
69390
69420
69533
69620
69630
69785
69938
70018
70089
70250
70302
70427
70563
70638
70776
70850
71030
71048
71141
71264
71325
71472
71579
71714
71862
71960
72041
72103
72266
72383
72399
72444
72530
72586
72677
72706
72822
72864
72872
73045
73195
73321
73462
73507
73679
73838
74037
74038
74100
74161
74340
74413
74426
74602
74787
74959
75074
75145
75267
75425
75583
75617
75645
75658
75726
75851
75967
76163
76183
76276
76423
76504
76685
76772
76778
76854
76933
77044
77191
77301
77438
77557
77693
77748
77894
77934
77947
78059
78242
78356
78520
78528
78598
78607
78648
78765
78838
78930
79021
79075
79225
79259
79319
79366
79459
79546
79580
79681
79753
79810
79844
79957
79993
80096
80254
80398
80464
80589
80694
80804
80881
81064
81189
81327
81503
81696
81791
81815
81837
81940
82050
82080
82086
82254
82267
82303
82498
82521
82715
82875
82991
83044
83206
83404
83405
83425
83622
83800
83833
83943
84093
84285
84382
84530
84714
84762
84950
85000
85189
85288
85341
85397
85496
85542
85684
85723
85848
86005
86029
86090
86163
86356
86504
86546
86702
86802
86955
87089
87260
87301
87400
87580
87593
87620
87706
87890
87985
88180
88207
88372
88558
88630
88760
88940
89118
89167
89319
89410
89509
89608
89652
89828
89910
90046
90213
90222
90339
90520
90634
90647
90760
90789
90801
90900
91047
91192
91344
91427
91528
91686
91877
91902
92032
92093
92160
92167
92293
92488
92491
92671
92721
92914
92938
93094
93111
93266
93288
93427
93446
93534
93676
93718
93725
93730
93869
94052
94167
94293
94416
94595
94625
94741
94907
94973
95163
95311
95365
95493
95652
95727
95915
95934
96100
96133
96213
96303
96416
96447
96526
96587
96699
96872
96885
96889
96893
97090
97253
97293
97322
97383
97569
97704
97820
97906
97965
98059
98252
98388
98523
98559
98568
98654
98796
98890
99015
99103
99233
99378
99430
99523
99706
99778
99800
