204 100000 967
138
325
390
405
407
574
777
861
980
1060
1082
1113
1143
1268
1417
1468
1507
1546
1659
1792
1954
2012
2052
2132
2310
2513
2695
2696
2746
2886
2958
3133
3227
3297
3489
3548
3657
3688
3863
4066
4181
4207
4343
4390
4500
4680
4807
4911
4980
5148
5242
5430
5570
5636
5652
5834
5997
6192
6245
6361
6474
6574
6653
6789
6924
6983
7151
7299
7448
7489
7594
7756
7826
7940
8065
8200
8289
8352
8541
8638
8799
8936
9058
9247
9400
9531
9541
9615
9657
9836
9931
9951
10144
10209
10303
10358
10440
10597
10641
10798
10952
11049
11139
11156
11286
11346
11358
11552
11583
11653
11756
11915
11966
12071
12262
12311
12402
12562
12648
12847
12920
13062
13115
13287
13364
13372
13534
13604
13672
13777
13877
14030
14048
14204
14212
14345
14427
14592
14688
14719
14837
14967
15142
15302
15453
15489
15648
15720
15774
15927
16029
16096
16250
16275
16334
16486
16668
16778
16945
17113
17287
17484
17533
17673
17794
17905
17939
18107
18203
18367
18469
18486
18618
18710
18856
18917
19059
19143
19289
19370
19437
19499
19564
19701
19839
20027
20207
20303
20342
20427
20558
20572
20669
20847
21045
21111
21204
21214
21389
21582
21784
21874
21903
22017
22063
22130
22166
22233
22336
22499
22675
22759
22911
23006
23067
23185
23247
23309
23334
23368
23374
23487
23691
23828
23904
23982
24148
24231
24391
24561
24584
24697
24720
24740
24891
25033
25132
25146
25325
25449
25519
25619
25672
25840
25889
25976
26038
26199
26210
26367
26565
26642
26807
26940
27074
27090
27285
27438
27568
27766
27815
27915
27929
28059
28199
28284
28306
28430
28487
28649
28774
28813
28887
29023
29162
29360
29510
29524
29546
29747
29890
29951
30141
30269
30308
30338
30450
30492
30541
30648
30663
30773
30867
31069
31105
31151
31298
31460
31496
31623
31663
31708
31856
31881
31928
32113
32267
32338
32460
32593
32640
32682
32841
33000
33046
33060
33264
33335
33410
33540
33555
33719
33766
33879
34007
34189
34386
34411
34526
34727
34849
35017
35038
35042
35089
35259
35405
35487
35500
35647
35721
35734
35816
35912
35978
36022
36079
36275
36407
36466
36599
36684
36869
36917
37001
37067
37173
37213
37231
37248
37422
37622
37662
37697
37712
37913
38084
38165
38210
38395
38424
38587
38624
38700
38884
38965
39004
39033
39211
39251
39323
39437
39539
39717
39756
39933
40031
40182
40192
40248
40256
40320
40476
40481
40552
40640
40749
40905
40970
41101
41189
41215
41348
41376
41512
41552
41609
41779
41786
41924
42033
42081
42102
42170
42206
42243
42257
42458
42623
42741
42926
43025
43163
43207
43325
43493
43657
43771
43892
44004
44140
44252
44437
44441
44500
44565
44742
44860
45036
45043
45088
45254
45428
45504
45570
45688
45892
46051
46073
46270
46399
46494
46646
46679
46860
46869
47003
47023
47196
47237
47251
47353
47403
47545
47630
47663
47706
47747
47934
48136
48214
48268
48379
48484
48652
48661
48755
48949
49123
49139
49262
49307
49333
49389
49544
49568
49719
49863
49905
49958
49979
50171
50355
50484
50504
50705
50877
51044
51236
51321
51526
51537
51634
51779
51949
52033
52036
52219
52246
52385
52520
52544
52630
52798
52871
52928
53063
53265
53331
53448
53576
53746
53856
53988
54063
54205
54306
54357
54463
54506
54574
54669
54671
54731
54757
54802
54886
55075
55182
55240
55299
55375
55434
55632
55704
55796
55971
56138
56297
56501
56572
56642
56707
56747
56860
56926
57114
57154
57214
57361
57440
57451
57579
57744
57878
58022
58225
58408
58452
58578
58594
58740
58850
58986
59177
59179
59205
59250
59314
59336
59408
59527
59580
59742
59909
59938
59982
60173
60347
60407
60500
60664
60843
60988
61147
61305
61489
61670
61686
61784
61833
62000
62088
62123
62272
62355
62494
62684
62780
62955
63156
63209
63316
63432
63603
63778
63926
64074
64200
64252
64293
64463
64510
64618
64746
64830
64964
65162
65211
65288
65399
65439
65602
65637
65834
66028
66098
66252
66372
66380
66410
66594
66630
66786
66803
66835
66845
66853
66860
66993
67053
67067
67085
67208
67351
67525
67637
67780
67959
68019
68140
68199
68253
68378
68392
68511
68539
68588
68774
68955
69064
69091
69140
69192
69307
69386
69476
69648
69657
69681
69863
70046
70195
70348
70356
70513
70685
70766
70852
70934
71016
71156
71330
71383
71579
71761
71835
71942
72113
72162
72182
72366
72553
72676
72694
72805
72967
73158
73181
73270
73284
73444
73578
73658
73791
73957
74038
74060
74131
74134
74282
74438
74611
74720
74873
75000
75109
75170
75370
75554
75688
75726
75843
76026
76206
76208
76267
76319
76514
76557
76743
76744
76797
76867
77070
77106
77284
77451
77589
77664
77698
77866
77877
77985
78068
78228
78385
78451
78480
78609
78664
78719
78896
79013
79048
79186
79197
79385
79466
79644
79729
79835
79905
80105
80269
80303
80477
80642
80761
80844
80994
81072
81267
81296
81356
81523
81715
81916
81986
82100
82117
82211
82334
82518
82597
82679
82687
82721
82762
82847
82992
83046
83110
83303
83396
83516
83557
83628
83651
83798
83863
84003
84111
84113
84229
84364
84395
84580
84594
84742
84822
84860
84909
84944
85106
85122
85208
85343
85522
85658
85847
86047
86159
86169
86185
86370
86392
86589
86720
86743
86767
86821
86900
87032
87131
87267
87445
87454
87487
87614
87728
87914
88093
88131
88184
88384
88581
88743
88769
88957
89083
89216
89334
89501
89527
89619
89808
89862
89937
90055
90067
90188
90304
90460
90469
90655
90721
90880
91057
91108
91183
91186
91233
91402
91576
91701
91898
92079
92194
92378
92397
92586
92671
92687
92856
92928
93013
93204
93286
93441
93482
93588
93731
93836
93924
94026
94054
94112
94294
94400
94453
94464
94595
94615
94729
94891
94939
94951
95130
95142
95311
95461
95555
95560
95730
95921
96057
96180
96239
96434
96616
96751
96947
96964
97017
97156
97345
97504
97671
97688
97720
97900
98020
98083
98190
98272
98319
98431
98500
98583
98713
98750
98799
98944
98960
99075
99126
99253
99311
99437
99438
99458
99472
99547
99601
99744
99926
