205 99945 985
152
214
318
470
588
790
791
910
916
973
1078
1153
1221
1416
1470
1539
1654
1829
1927
2004
2028
2040
2141
2293
2333
2334
2532
2658
2790
2935
3029
3097
3215
3249
3323
3526
3680
3817
3847
4020
4060
4186
4190
4315
4422
4518
4701
4905
5085
5234
5271
5438
5493
5683
5753
5874
6018
6113
6207
6321
6430
6521
6693
6888
6936
7123
7281
7377
7553
7636
7686
7868
7968
8028
8198
8225
8256
8445
8481
8586
8686
8704
8869
8887
8996
9156
9194
9220
9386
9572
9723
9837
9930
9991
10127
10284
10366
10540
10561
10645
10690
10725
10889
10890
11020
11118
11219
11371
11453
11492
11669
11791
11985
12132
12250
12251
12333
12478
12679
12877
13029
13213
13339
13507
13683
13809
13841
13977
14073
14196
14313
14370
14554
14657
14668
14847
14872
15068
15262
15352
15357
15469
15592
15654
15789
15840
15842
15886
15934
15945
16058
16088
16103
16131
16148
16258
16415
16566
16613
16806
16827
16900
17082
17089
17145
17184
17207
17212
17328
17529
17730
17825
17953
18051
18079
18215
18343
18392
18407
18574
18629
18712
18843
19022
19186
19277
19296
19389
19509
19602
19668
19793
19836
20028
20062
20069
20077
20097
20241
20289
20486
20562
20644
20695
20864
20942
21004
21027
21224
21351
21447
21585
21588
21703
21870
22069
22159
22359
22531
22677
22774
22914
22980
23050
23114
23266
23294
23347
23379
23473
23590
23776
23857
23886
23968
24052
24066
24170
24172
24254
24280
24284
24379
24410
24556
24659
24711
24776
24866
24933
24952
25001
25136
25286
25374
25456
25586
25685
25800
25829
25889
26046
26180
26362
26423
26603
26619
26759
26934
27044
27071
27260
27354
27478
27545
27636
27801
27902
28051
28222
28247
28416
28599
28616
28783
28876
28902
29075
29085
29285
29351
29492
29584
29759
29789
29791
29850
29930
30007
30117
30316
30362
30429
30464
30635
30692
30749
30918
31039
31087
31214
31333
31499
31629
31792
31995
32176
32338
32371
32418
32488
32677
32720
32917
32960
33030
33141
33189
33208
33315
33487
33565
33731
33836
33949
34023
34065
34135
34278
34314
34473
34617
34801
34848
34951
35101
35147
35192
35257
35311
35383
35483
35566
35569
35596
35704
35743
35817
35863
35923
36030
36075
36240
36399
36585
36746
36845
36937
37092
37281
37451
37619
37766
37863
37950
38001
38066
38139
38241
38292
38467
38634
38727
38914
39052
39154
39251
39256
39325
39400
39413
39561
39696
39867
40023
40186
40188
40379
40528
40559
40724
40743
40779
40957
41052
41090
41236
41291
41489
41520
41713
41914
42001
42043
42223
42224
42380
42416
42425
42437
42545
42701
42884
42980
43090
43236
43305
43386
43528
43646
43844
43941
44003
44015
44094
44240
44386
44458
44530
44668
44751
44782
44850
44893
44977
45146
45197
45380
45381
45499
45548
45752
45905
46024
46207
46282
46455
46579
46723
46836
47004
47128
47168
47260
47263
47437
47467
47505
47512
47671
47865
48049
48142
48211
48361
48384
48520
48651
48755
48803
48883
48989
49082
49178
49240
49401
49550
49704
49808
49814
49855
50050
50154
50164
50210
50352
50486
50532
50668
50676
50881
51016
51094
51198
51312
51370
51507
51524
51538
51583
51584
51695
51835
51991
52042
52100
52158
52281
52378
52425
52433
52489
52630
52656
52777
52831
52961
53032
53169
53316
53511
53647
53726
53852
54008
54161
54203
54346
54370
54498
54532
54545
54737
54891
54998
55124
55233
55339
55499
55666
55689
55727
55781
55937
56047
56213
56405
56475
56511
56601
56613
56791
56803
56968
57026
57105
57297
57403
57515
57693
57872
57994
58072
58243
58414
58476
58589
58765
58794
58909
59102
59200
59231
59286
59318
59435
59527
59558
59747
59899
60068
60234
60344
60449
60507
60647
60649
60723
60850
60889
61030
61194
61209
61234
61400
61448
61460
61634
61662
61718
61762
61781
61856
61893
61953
62144
62310
62506
62640
62837
63027
63214
63294
63321
63397
63441
63452
63471
63567
63709
63744
63872
63901
64078
64082
64114
64211
64216
64418
64554
64584
64781
64890
64915
64927
65051
65200
65382
65449
65583
65653
65847
65943
66068
66134
66227
66233
66391
66468
66623
66661
66724
66755
66840
67001
67171
67315
67414
67465
67615
67704
67808
68007
68082
68284
68465
68608
68745
68843
69040
69062
69133
69265
69319
69417
69543
69698
69744
69888
69937
70031
70141
70315
70428
70588
70664
70826
70950
71053
71234
71434
71621
71742
71942
72091
72149
72317
72403
72470
72663
72721
72806
72885
73022
73101
73105
73116
73282
73328
73418
73501
73665
73862
74048
74142
74183
74259
74353
74483
74647
74787
74943
75116
75262
75459
75546
75689
75886
75971
75977
76041
76103
76131
76320
76354
76558
76760
76776
76902
77034
77054
77255
77354
77536
77671
77753
77858
77909
77959
78152
78264
78314
78483
78606
78733
78925
79009
79148
79194
79349
79430
79480
79551
79667
79851
79914
79974
80056
80147
80209
80408
80467
80627
80764
80871
80921
81030
81068
81150
81182
81257
81329
81522
81696
81823
81951
81956
82074
82221
82381
82402
82535
82669
82674
82749
82887
83067
83081
83283
83378
83479
83599
83670
83688
83797
83914
84007
84071
84077
84089
84191
84246
84383
84384
84494
84675
84706
84892
85035
85218
85299
85444
85487
85678
85769
85867
85966
86041
86235
86268
86436
86616
86626
86661
86727
86767
86849
86893
87036
87048
87102
87115
87246
87432
87459
87513
87590
87620
87692
87777
87921
87944
88126
88257
88422
88487
88568
88769
88841
88859
89026
89188
89370
89381
89414
89508
89576
89585
89650
89771
89899
89935
90077
90125
90210
90279
90305
90365
90390
90572
90589
90739
90841
90859
90998
91117
91296
91404
91534
91537
91543
91576
91677
91739
91863
91979
92055
92258
92345
92430
92443
92584
92736
92928
93040
93226
93286
93307
93451
93496
93635
93675
93782
93967
94074
94154
94244
94395
94584
94727
94844
95002
95122
95230
95429
95457
95635
95833
95852
95968
95997
96156
96273
96332
96402
96522
96570
96590
96593
96783
96788
96830
96936
96961
97037
97080
97152
97155
97302
97336
97354
97510
97542
97653
97789
97979
98124
98327
98359
98514
98639
98744
98819
98866
98899
99072
99092
99276
99290
99439
99517
99673
99677
99769
99899
