206 99925 949
182
339
510
712
773
792
993
1003
1124
1203
1362
1445
1523
1642
1786
1884
1932
2107
2131
2161
2364
2390
2438
2450
2564
2747
2840
2883
2932
3074
3156
3236
3320
3394
3442
3607
3751
3846
3916
4087
4184
4339
4405
4570
4633
4725
4893
5068
5163
5346
5435
5584
5599
5686
5743
5895
5952
5966
6122
6296
6430
6591
6691
6780
6886
7072
7131
7286
7418
7523
7674
7725
7780
7868
7916
7925
7988
8084
8170
8179
8283
8477
8676
8734
8774
8879
8990
9065
9129
9302
9306
9322
9515
9654
9806
9892
10023
10131
10177
10286
10307
10376
10542
10688
10824
11015
11126
11137
11242
11342
11542
11667
11755
11907
12105
12264
12393
12441
12601
12661
12736
12790
12792
12920
13071
13221
13374
13568
13645
13823
13944
14053
14146
14195
14213
14293
14390
14545
14646
14850
14935
14979
15032
15179
15381
15390
15563
15767
15905
15962
16042
16188
16243
16331
16504
16559
16604
16742
16805
16962
16971
16998
16999
17200
17219
17232
17387
17459
17566
17568
17641
17686
17820
17866
17979
17992
18194
18242
18371
18525
18697
18764
18793
18930
18983
19046
19163
19221
19246
19436
19592
19671
19785
19849
19905
20038
20068
20188
20244
20387
20516
20551
20730
20769
20869
21068
21192
21377
21536
21654
21776
21932
21998
22017
22144
22278
22320
22487
22528
22721
22799
22814
22972
23153
23169
23330
23444
23450
23615
23793
23946
24093
24266
24459
24577
24624
24673
24688
24867
25016
25128
25301
25488
25595
25663
25781
25952
26068
26104
26183
26375
26508
26632
26823
26977
27143
27160
27180
27322
27498
27633
27652
27797
27862
27989
28078
28121
28179
28320
28428
28430
28531
28581
28735
28768
28947
29032
29099
29276
29416
29462
29482
29567
29664
29710
29775
29872
29873
29894
29921
30046
30183
30286
30430
30613
30699
30894
30910
31021
31077
31197
31208
31373
31459
31503
31628
31662
31841
31966
32113
32227
32237
32434
32576
32692
32896
32930
33134
33223
33418
33518
33587
33648
33655
33662
33832
33868
33880
34063
34118
34229
34303
34454
34589
34767
34879
35044
35101
35144
35220
35358
35371
35435
35514
35645
35759
35919
35947
36037
36140
36215
36344
36398
36533
36606
36784
36861
36914
36929
36966
37036
37196
37344
37526
37663
37682
37713
37863
37944
38036
38201
38223
38274
38351
38403
38413
38455
38636
38738
38883
38896
39058
39152
39328
39337
39516
39542
39676
39874
40057
40104
40217
40316
40406
40523
40577
40695
40799
40837
41033
41083
41131
41153
41336
41376
41444
41467
41536
41622
41819
41883
41997
42088
42186
42233
42357
42548
42680
42875
42923
43002
43171
43292
43333
43527
43564
43744
43861
43914
44064
44116
44237
44307
44468
44626
44721
44835
45000
45130
45262
45298
45453
45570
45746
45830
45911
46046
46219
46248
46345
46539
46658
46810
46976
47011
47139
47278
47307
47400
47493
47499
47697
47751
47757
47885
47990
48064
48144
48295
48363
48485
48535
48590
48713
48916
49061
49207
49313
49326
49460
49507
49707
49752
49811
50007
50029
50034
50117
50181
50198
50239
50289
50466
50627
50815
50833
50899
50932
51028
51077
51282
51414
51559
51643
51707
51749
51916
52113
52225
52329
52412
52507
52621
52793
52879
53076
53105
53209
53343
53488
53575
53769
53948
54150
54300
54476
54560
54764
54798
54878
55013
55145
55230
55298
55372
55557
55579
55647
55763
55773
55809
55963
55982
56058
56206
56396
56496
56589
56657
56702
56821
56838
56918
57029
57211
57400
57514
57630
57795
57852
58041
58210
58291
58306
58365
58408
58451
58475
58613
58635
58664
58790
58910
59027
59124
59235
59411
59596
59761
59895
59930
59987
60031
60165
60263
60370
60524
60657
60716
60764
60937
61109
61232
61336
61465
61662
61793
61946
62149
62349
62405
62544
62680
62768
62834
62961
63146
63205
63210
63303
63396
63599
63656
63772
63860
63872
63916
64037
64183
64280
64360
64392
64422
64519
64687
64876
65074
65204
65296
65341
65469
65564
65604
65709
65756
65766
65935
66118
66202
66346
66519
66691
66868
66917
67070
67195
67322
67431
67566
67684
67768
67920
68101
68167
68363
68457
68462
68495
68648
68848
69036
69212
69225
69376
69399
69544
69625
69701
69838
69939
69946
70085
70219
70269
70394
70421
70484
70598
70615
70735
70832
71001
71057
71197
71319
71349
71521
71541
71737
71763
71874
71916
72096
72107
72280
72365
72433
72637
72757
72808
72994
73166
73169
73244
73385
73409
73604
73754
73849
73922
73942
74014
74073
74140
74254
74263
74386
74393
74431
74594
74788
74967
75053
75240
75292
75340
75407
75486
75555
75672
75762
75909
76027
76113
76256
76264
76347
76411
76595
76792
76869
77017
77033
77136
77246
77255
77281
77355
77369
77551
77589
77704
77907
78080
78097
78112
78178
78234
78275
78321
78500
78696
78848
78959
79163
79200
79231
79331
79485
79583
79597
79601
79698
79857
80044
80142
80272
80397
80550
80739
80811
80929
81044
81136
81211
81380
81490
81582
81659
81773
81837
81854
82049
82235
82420
82462
82627
82826
82949
82992
83112
83284
83349
83516
83535
83649
83766
83905
84087
84200
84394
84589
84758
84857
85041
85203
85230
85278
85335
85502
85552
85572
85655
85765
85864
86046
86100
86269
86452
86610
86633
86806
86857
87044
87098
87143
87167
87310
87500
87615
87657
87857
88044
88117
88155
88188
88282
88465
88479
88607
88755
88919
88962
89142
89334
89373
89492
89617
89709
89828
89968
90053
90254
90451
90633
90644
90750
90846
90968
91058
91087
91250
91405
91563
91667
91858
91909
92069
92155
92343
92356
92404
92528
92654
92814
92990
93131
93330
93488
93650
93757
93918
94055
94195
94397
94583
94772
94913
95033
95050
95176
95359
95463
95498
95699
95750
95935
95958
96019
96116
96296
96369
96526
96631
96745
96802
96826
96940
97033
97077
97153
97319
97497
97685
97765
97955
97958
98007
98045
98106
98230
98283
98406
98447
98488
98689
98775
98871
98926
98943
99127
99272
99388
99431
99481
99550
99609
99713
99826
